date,Name,open,high,low,close,volume,return,log_return,close_to_SMA,RSI_14,MACD,MACD_hist,BB_width,volatility_20,price_momentum_20,volume_ratio,OBV_change,close_position,return_lag_1,daily_return,price_range
2013-03-11,EFX,56.83,56.9825,56.47,56.72,882968,-0.1425666827887286,-0.1338450032721988,0.6425961910224671,0.1753495861602958,0.051694006154056,0.4460541827137865,-0.1196520595463249,-0.2125259642843276,0.1391536737801973,-0.4131121198612847,-0.0019344974400131,1.1081785516265954,0.3192482739612107,-0.1725543894548378,-0.8382881023385713
2013-03-12,EFX,56.73,56.85,56.12,56.54,1132359,-0.2305709152263107,-0.2215830151363516,0.5188424863576984,1.060848221728964,0.0608644350856945,0.3794171246027153,-0.077532390923785,-0.2455451483852716,0.249238533164743,0.0655471412296306,-0.0024244636999297,0.9712557423040212,-0.1430548305152815,-0.2793544352277534,-0.5152922888840014
2013-03-13,EFX,56.43,56.71,55.39,56.5,984492,-0.0770413472601044,-0.0685985410335528,0.4468752701556294,1.082404291820899,0.0641225364751592,0.3108892487987466,-0.0644417899929462,-0.2983425363705583,0.4219317017963754,-0.1911032508472837,-0.0030320893951123,0.94082845134345,-0.2310820208806367,0.0674035441521884,0.3557545805123884
2013-03-14,EFX,56.72,56.84,56.38,56.49,913967,-0.0440151647328631,-0.0357389586360794,0.3821595224702946,1.024846141863513,0.0638785570498584,0.2470526524253392,-0.0809299248891681,-0.3150091369419367,0.5068915525179102,-0.2855261959222091,-0.0059189153063306,0.9332216286033084,-0.0775124011960667,-0.3326795724855543,-0.9126764342354122
2013-03-15,EFX,56.28,56.63,56.1,56.43,1381977,-0.0991224769322927,-0.0905780142619394,0.3013112696904906,1.870997917734236,0.058948205841607,0.1839207350313856,-0.0981363999486681,-0.3134275370036784,0.4226922290886442,0.5334292927138974,0.0090803305211757,0.8875806921624488,-0.0444776030296444,0.1750474820890842,-0.8085726067802291
2013-03-18,EFX,56.01,56.45,55.62,56.17,977306,-0.3198485993095499,-0.3107178478991016,0.1545702830329062,1.561594695696721,0.0426209555070992,0.1040797789584723,-0.0944749085745597,-0.3742553486809729,0.0987284067913977,-0.2164927540238419,0.0003040736700365,0.689803300918732,-0.0995992912387067,0.1895071525140062,-0.3598317654208182
2013-03-19,EFX,56.36,56.78,55.88,56.23,807783,0.0335071125458437,0.0413238181985245,0.172634332336648,1.2371959521554703,0.0300008588881294,0.0497491639467116,-0.0868098805771347,-0.4099807982352539,-0.054301030485516,-0.5044770747815096,-0.0020636451071816,0.7354442373595862,-0.320382995100795,-0.2005843306782542,-0.2573958662989133
2013-03-20,EFX,56.36,57.23,56.07,56.86,716382,0.6645419904554023,0.665075694429622,0.4023357474072082,1.204147657310476,0.0426061121782404,0.0712142883585836,-0.1195369340345084,-0.7632482917410397,0.5960605923137097,-0.6206838370706311,-0.0022765763880397,1.16586362407268,0.0330648977177897,0.6439441407748389,0.1089117084658943
2013-03-21,EFX,56.56,56.83,56.42,56.61,456703,-0.3067299398973703,-0.2976121342996863,0.2219329186528955,0.5037380549870336,0.040592889335456,0.0507586819734509,-0.1880738742232977,-0.7495935001522053,0.5480774265975313,-1.090018677640852,-0.0001922989797892,0.9786912402076748,0.6642643955865034,0.0404725095772146,-0.987724670403733
2013-03-22,EFX,56.8,56.8,56.215,56.41,465220,-0.2529502472508849,-0.2439144900318987,0.0745372823097976,-0.0600238985865863,0.0290947438268159,0.0099801692027263,-0.2653853729295171,-0.736305592698191,0.4454796876176819,-1.0570683888028003,-0.0004664964080027,0.8289533331156684,-0.3072609133846316,-0.5450700053014876,-0.7270373776515893
2013-03-25,EFX,56.49,56.6,56.05,56.24,879139,-0.2206199816221335,-0.2116559474218435,-0.0781433919332414,-0.6497024817735094,0.0114636380976559,-0.0384287750449209,-0.5165155611291042,-0.9233735748867848,0.6922100256689991,-0.1558294798186639,-9.64680413784232e-05,0.7016761120874687,-0.2534671910686037,-0.3606756637970211,-0.776290602393022
2013-03-26,EFX,56.48,56.53,56.28,56.46,527913,0.2105453554135727,0.2169538935210917,-0.0486616141637688,-0.5651285811437522,0.0044022128244968,-0.0499497549022747,-0.8425355171730732,-0.923236305088226,0.6944937983164878,-0.8869341804411804,-0.0017298257059591,0.7865659871080891,-0.2211284913465975,-0.0530700158547585,-1.2222977764722134
2013-03-27,EFX,56.18,56.7,55.83,56.63,516529,0.154461739002113,0.1613702611628441,-0.0213554798235289,-0.0455331807605958,0.003756991645457,-0.0426513399023797,-1.0611612253723548,-1.0912320178615331,0.4317537051431476,-0.8735367923389651,-0.0018207851468853,0.7867902908555579,0.210149325082335,0.5788508276112576,-0.3109681245486284
2013-03-28,EFX,56.59,57.675,56.44,57.59,792142,1.022411267536951,1.0160422581729058,0.366713891922385,0.4964270746179367,0.0388826992528947,0.0552611470111532,-1.1095430528894603,-1.034239557678483,0.4906467315335203,-0.1958317782226702,-0.0023624812928999,1.345613543696297,0.1540510779698377,1.3087565214279622,0.1958954285365426
2013-04-01,EFX,57.46,57.63,56.34,56.74,416603,-0.9518939745292418,-0.945448682346337,-0.0483168836969867,-0.1744769581626373,0.0312118590752243,0.0234335592692155,-1.1498613223054233,-0.9695491775392158,0.0638901032076364,-1.0116415574926003,-0.0002554654640341,0.0826556723203607,1.0222270310985264,-0.9730148682151673,0.303454182081104
2013-04-02,EFX,56.99,57.41,56.59,57.36,738241,0.6472997491428465,0.648115689292904,0.2138848902458608,0.3479098722856672,0.0472918630283454,0.0591057530066791,-1.1114721612110825,-0.9410973081483194,0.1143544909375844,-0.1642441386158264,-0.0025331190733486,0.9846217787598972,-0.9525932538911028,0.4641933721033552,-0.3999099423292789
2013-04-03,EFX,57.27,57.39,56.18,56.21,749410,-1.281195888298648,-1.2787460901111198,-0.3084149449940743,-0.3413011896721039,0.0129312043412841,-0.042189889322579,-1.0973970834608129,-0.7734698185022887,-0.2866901626727556,-0.1079270304713018,0.0012056036162649,-0.6883798702811833,0.6470176562387994,-1.4246907829149855,0.2027063374919422
2013-04-04,EFX,56.35,56.71,56.0,56.69,597865,0.4986506034403367,0.5017067722026263,-0.082887303423313,-0.0920699450581227,0.0028617097142602,-0.0607013650584928,-1.100277156189781,-0.745120262226775,-0.2010786997548342,-0.4865315467183265,-0.0022804484498416,0.0099164701881336,-1.281981073637329,0.4295416027311974,-0.5475417495086058
2013-04-05,EFX,56.04,56.31,55.87,56.28,586170,-0.4832658503266484,-0.4742067679807174,-0.2678989077496652,-0.257725551676312,-0.0226888426830234,-0.1153585218474191,-1.0927528585461743,-0.7369028394967765,-0.2246635142090638,-0.5077914021335076,0.0003823918213385,-0.5865449872960735,0.4983297319883034,0.2972456982266475,-0.9397606775612846
2013-04-08,EFX,56.22,57.02,56.22,56.97,668800,0.7302954614617909,0.7297102498312742,0.0485583073956462,0.1546132378074286,-0.0172794079268112,-0.0793937733097289,-1.0860100091086022,-0.6899820545475894,-0.1287056996644541,-0.2647725947661029,-0.0024121269134732,0.4172560021285729,-0.4838428772657578,0.9815781284472976,-0.4210116755085554
2013-04-09,EFX,57.14,58.17,57.13,57.96,557080,1.0488971836218666,1.0419384087609895,0.4781656031688276,0.4653459692339487,0.023996921031506,0.0416987937618576,-0.9696564117983386,-0.587695759932592,0.1535971229729934,-0.5295302177414748,-0.0029261157074859,1.1917715137529843,0.7300350198978682,1.0579057773145568,-0.095904755570959
2013-04-10,EFX,58.08,59.08,57.73,58.84,779159,0.9122605649322366,0.9082279580222802,0.830536941286707,0.5366168506329315,0.0886239228471959,0.1986770773811551,-0.7531028043325235,-0.5307952331140644,0.4299596242557033,0.1258600687081165,-0.0072272510923999,1.226671822928338,1.0487198566437217,0.9623087370578964,0.3208134203287174
2013-04-11,EFX,58.81,59.37,58.59,59.12,808766,0.2632692611563535,0.2691623019444714,0.8970583782070486,0.7274258247423862,0.1474648413438005,0.3093664254184656,-0.5683861738434975,-0.5313803828248083,0.513563045650881,0.2359292828089335,0.0041292284862563,1.22126664969672,0.9120475931500164,0.3719329543272653,-0.4917658781128569
2013-04-12,EFX,58.95,59.2,58.7,58.95,709285,-0.2120194932336695,-0.2030773681511777,0.7600437487208247,0.7418393542731481,0.1835937419148579,0.3394575606866057,-0.4559752371659071,-0.52439645453359,0.4720860139110902,-0.0155761776898796,-0.0028475309146345,1.0705704199993316,0.2628869850683656,-0.0263165508545973,-0.8844463815712906
2013-04-15,EFX,58.69,58.85,57.81,57.84,873375,-1.205284789844271,-1.2017546678340283,0.2164310657136749,0.3359813278647264,0.1649438957803695,0.2225309178760913,-0.4520873527913565,-0.3892362710140276,0.1994915922127019,0.5469970265965357,-0.0059282170958245,0.086612684916354,-0.212525759322961,-1.120523696644325,-0.0928022262317207
2013-04-16,EFX,58.33,58.64,57.97,58.48,763027,0.6558895724235766,0.6565654874854646,0.456311734262237,0.4441731575038122,0.171676245291435,0.1943229382746035,-0.4328584294988562,-0.3742892125161587,0.4365096870570479,0.2557794435801371,-0.0071900041630484,0.6071381961692076,-1.2060501720272714,0.1679705702506726,-0.6364953132452127
2013-04-17,EFX,58.26,58.725,57.88,58.59,852089,0.0841103886316738,0.0915754627128336,0.4514642062924565,0.4293129153784081,0.1775974278401459,0.1696686247962395,-0.4179415565297152,-0.3746014380253104,0.4489245595043365,0.5157823696184433,0.0045681149121879,0.7104319727564097,0.6556097203724635,0.4016286791995654,-0.3893606623732182
2013-04-18,EFX,58.69,58.9,58.24,58.76,762275,0.1476468375551979,0.1546127130822734,0.4847899064578556,0.2142014962297505,0.1851500308518522,0.1541444222010228,-0.3756277735290939,-0.4011070380821167,0.3232800690146508,0.2381602971715148,0.0004375480550517,0.8700678093002533,0.0836813748318577,0.0637946258574987,-0.6552284751625804
2013-04-19,EFX,58.89,58.98,57.71,58.62,1242344,-0.1813303733750654,-0.1724761104058224,0.3740302779910769,0.5175455173864818,0.1818335314152048,0.1137481775302037,-0.3637565026691371,-0.4076126988614393,0.353985062862015,1.470999011530727,-0.0029484492899245,0.7386030027347303,0.147234398699165,-0.372707822604082,0.2142525449195731
2013-04-22,EFX,58.7,59.61,58.14,59.26,1136633,0.6467232336301535,0.6475485304224297,0.5991821447468197,0.5232449372278027,0.2003867122634985,0.1377233623688553,-0.3327088523980626,-0.3937961715502176,0.5745309589428683,1.0275169937179085,0.0028067776302736,1.1350841653926542,-0.181828633501716,0.6944500537427257,0.4760244465885562
2013-04-23,EFX,59.38,60.11,58.14,59.94,1115154,0.6814060072188637,0.6816591734498919,0.8213975864963928,1.2981676887352835,0.2374191110791244,0.204468699175062,-0.2774207618919969,-0.3817305270501335,0.7987434133358418,0.9226535158660524,0.0003728919911691,1.310843504210356,0.6464409903287773,0.6861960744378052,1.1477734066447367
2013-04-24,EFX,60.25,60.315,59.85,59.92,1379406,-0.0537694956705046,-0.045442269440364,0.7313143973660761,1.184298818290278,0.2612725147190292,0.2239424619090526,-0.2413577146002254,-0.3781734706689726,0.7325489329201089,1.430931886387747,-0.0025058351653009,1.1501136000658467,0.6811328117165417,-0.4401271583725225,-0.9445699005601093
2013-04-25,EFX,60.34,62.0,60.34,61.63,949930,1.7437269897014585,1.7174558698695337,1.3850623505807664,1.726353438413143,0.3418380017418723,0.3854973984472326,-0.0369940144517187,-0.198409549617654,1.1292341149472434,0.2860003839249862,0.0003537453759561,1.2422348421025575,-0.0542344786088212,1.588893970474642,0.6534566654834582
2013-04-26,EFX,61.84,61.842,61.241,61.33,551849,-0.3360531783684932,-0.326910266437793,1.1616673736508911,1.449572791571742,0.387714569579393,0.4254526668511541,0.111998007455007,-0.2259522398918268,0.7862944550204735,-0.6704800364732996,-0.0018314690646642,1.0795505906779634,1.7437309250565074,-0.649398867022775,-0.7746296804453827
2013-04-29,EFX,61.35,61.4,60.66,60.92,806994,-0.4492001091599195,-0.4400904534767704,0.8802643870479323,1.0122993539052474,0.4016106147270988,0.3750995667031016,0.143748464673471,-0.2912399003059047,0.914471886851513,-0.082498779194046,-0.0023355113694656,0.8572154470643566,-0.3365918014968257,-0.5558563653452592,-0.5789759699924413
2013-04-30,EFX,60.94,61.34,60.76,61.2,1274554,0.2531538338294865,0.2591491883561159,0.916230811963353,0.8550815015520934,0.4171382572943181,0.3390167902551654,0.2046730416859853,-0.3071647913591886,0.8157230180421383,0.9572865395040988,0.0016042857600562,1.0090540817273097,-0.4497682492670711,0.2960245082481693,-0.8014922260743695
2013-05-01,EFX,60.99,61.71,60.99,61.34,973296,0.1094243041672692,0.1166981813980593,0.860028313606476,0.8142337957413217,0.4283202650741036,0.2989649799623928,0.1573667139743714,-0.4850000646491985,1.172889515846401,0.2183258978431118,-0.0001695387940147,1.0849733990587862,0.2527689188996664,0.4072483746440847,-0.6130810125577697
2013-05-02,EFX,61.37,61.72,61.02,61.43,911323,0.0583509307805728,0.0660000983412827,0.7911317154795878,0.945650611770313,0.4340247862808906,0.2528245755821001,0.1194989851856343,-0.4885340855960767,1.060504082513868,0.0367473906979961,-0.0005180774579961,1.1337786744861615,0.1090018940844383,0.0475486456523013,-0.6416478209768839
2013-05-03,EFX,61.91,62.81,61.75,62.14,978931,0.6865743073306979,0.6867406083374429,0.9700955562554971,1.908617628280588,0.4594952432623052,0.2667894304987784,0.0479926036146885,-0.5186640112692104,1.3617195708534957,0.1426064995563375,-0.0006254791147972,1.1049118887503253,0.0579151970338128,0.254363639533198,-0.1696742249939551
2013-05-06,EFX,62.05,62.58,62.014,62.58,576955,0.4078397551358502,0.4120938463276672,1.0348302960379523,1.8795491390085115,0.4896566446511685,0.2900357245840906,0.0352730281369435,-0.5356382329896694,1.2787498854265018,-0.7487923121737022,-0.0009451159263313,1.3082728096555998,0.6863024600983102,0.6190089307739154,-0.8375539028576695
2013-05-07,EFX,62.64,63.24,62.6125,62.99,498923,0.3748945829377135,0.3795511787024846,1.0991132500223186,1.922441730670566,0.5219823537118822,0.3142036505419596,0.1010020155215078,-0.592652328035278,1.10708040151647,-0.920366708040629,-0.0010102872441822,1.2925992975164622,0.407495193585754,0.3958278426026922,-0.7610907001949896
2013-05-08,EFX,62.91,63.12,62.675,62.82,598922,-0.2010205925795382,-0.1921082180768289,0.9347379205331754,1.759285542923099,0.5330692239571723,0.2788695858157929,0.1674382709621589,-0.6249039625040693,0.8259368348383693,-0.6814231611627957,-0.0015001542929943,1.1904092683364933,0.3745414268818436,-0.1344020804117747,-1.0009596454104286
2013-05-09,EFX,62.92,63.52,62.775,63.38,651436,0.5219944217557451,0.5247217127900589,1.08129881089724,1.9489516851359905,0.5557918395326181,0.2805525422098012,0.2631232067033205,-0.6144794242308189,0.890789304484193,-0.548685758572282,-0.000934058784322,1.3627779922545125,-0.2015239893526638,0.526032800286793,-0.6116940451778305
2013-05-10,EFX,63.28,63.91,63.25,63.81,708292,0.3893920308578701,0.3938736127168299,1.157158127470529,1.922215019895558,0.5823139052815586,0.2916786266655102,0.3509256488230841,-0.6273812602281731,1.0433225525625256,-0.4180661962654188,-0.0009407071871881,1.3892629209438168,0.5216796400755328,0.6064654677144484,-0.7293121905786965
2013-05-13,EFX,63.62,63.87,63.3,63.5,465914,-0.3354563411955535,-0.3263138020360731,0.8966579054774624,1.5650581000625985,0.5827192238245714,0.2333554365117744,0.2890441942679648,-0.8078169998532687,1.2696923150486594,-0.9491967438628788,-0.0014218693357032,1.2230538440716907,0.3890426567946729,-0.1688222757721738,-0.8432248470839995
2013-05-14,EFX,63.5,63.73,63.4,63.68,830640,0.1434834333222244,0.1504839845982761,0.8581520742813864,1.615324200792977,0.581722579692073,0.183088256596268,0.2531484299420766,-0.8253540612989633,1.1384405861176772,-0.0996313558940367,-0.0009012553635607,1.319562340320021,-0.3359948086251846,0.1878459897577583,-1.15943816379165
2013-05-15,EFX,63.52,63.76,63.52,63.7,1119815,-0.01344263931471,-0.0053361916122651,0.7538383061366762,1.1815853915676902,0.5734137481934616,0.1240530682599802,0.1873136748715384,-0.8210118652032722,1.1134288027827726,0.5373213338866452,-0.0008328142272436,1.3302855065698371,0.1430699083464559,0.1877785582273388,-1.2773238000831693
2013-05-16,EFX,63.57,63.73,63.08,63.15,566005,-0.570545817372243,-0.5617021866693148,0.4242996100602929,0.951958504276808,0.5372936165252779,0.0052391097153028,0.0682391669864817,-0.7545022766477827,0.9297652624299938,-0.7246248980774626,-0.0014232265232908,1.035398434699936,-0.0138971020651915,-0.5254788879223582,-0.7335003277836961
2013-05-17,EFX,63.08,63.16,62.34,62.88,982362,-0.2991824266560703,-0.2900733260363827,0.2182361938786116,1.0774475839103337,0.4906896274240784,-0.1167973256774492,-0.1208947601287328,-0.7437639598836584,0.89981579931699,0.2809509448123733,-0.0015778133302162,0.8494806614535879,-0.5711456132978427,-0.2658593065948271,-0.5044997169833052
2013-05-20,EFX,62.45,62.45,61.22,62.28,728995,-0.6270612863587454,-0.6184231864697339,-0.0993113304240632,0.463082791951539,0.4235635355077624,-0.2672500133576568,-0.2915489795165831,-0.7052329897843315,0.5809769744415029,-0.2765556047036616,-0.0015255345353072,0.5038118707316637,-0.2997114312009402,-0.2319819388014354,0.0546179248025371
2013-05-21,EFX,62.44,62.96,62.34,62.67,644797,0.3568664268334314,0.3617360365666275,0.0073205846843347,0.574892476311856,0.3796419046877445,-0.3278842800958217,-0.416293521698859,-0.7321529410582276,0.5014299602816149,-0.4353221577298179,-0.0009641628307242,0.4276114845996152,-0.6276758256440578,0.2519811843617449,-0.7668252114457978
2013-05-22,EFX,62.38,62.6799,61.31,61.6,672513,-1.0959623766001143,-1.091044385229149,-0.4778204262279889,-0.1070126462583299,0.2975965239889595,-0.4745215693886136,-0.5586030751486337,-0.5975093670943598,0.2442954666891963,-0.289597787049865,-0.0015067290080832,-0.7080622426228449,0.3565085677184669,-0.9710166538550258,0.2620631622055361
2013-05-23,EFX,61.03,61.615,60.63,61.19,579160,-0.447375838090942,-0.4382640043139507,-0.6410614244706816,-0.6707620896732698,0.2122958065579695,-0.6002105815321735,-0.5337945582317491,-0.8966111149973628,-0.2723298101391225,-0.4961118287632313,-0.0014939842829289,-1.3137595959301616,-1.0966992395176465,0.1717546538918379,-0.2497526241185596
2013-05-24,EFX,60.91,61.23,60.59,61.21,412002,-0.0126469541487416,-0.0045451238926959,-0.630180079756236,-0.9378929679614616,0.1421467668982549,-0.661761633494062,-0.5263336109563628,-0.9067843040983902,-0.196213064863708,-0.932651326481596,-0.0010461613316515,-1.2605218957272155,-0.4479435022950344,0.3457986280674406,-0.7199278864562568
2013-05-28,EFX,61.63,62.09,61.321,61.66,603489,0.4247088560556359,0.4287502318045806,-0.4563391453673441,-0.910671527939465,0.10139818642683,-0.6353261992305083,-0.5730783038780105,-0.9060543711394125,0.0109217148237649,-0.3936004561932853,-0.0009738521636173,-0.8099551210738689,-0.0131012093264499,0.0104602389363104,-0.551928492742334
2013-05-29,EFX,61.49,61.79,60.8,61.46,983297,-0.2349358338352804,-0.2259379673563542,-0.5457511183860315,-0.9228953112447452,0.0588588883932817,-0.6187871279980568,-0.5898311895204447,-0.9078659389210486,-0.1050831118898564,0.69929837634604,-0.0016420819546671,-1.0102070209197986,0.4243686951984359,-0.0631770737821333,-0.2488661930789528
2013-05-30,EFX,61.5,62.06,61.36,61.66,439851,0.169600889908199,0.1763793643790075,-0.4683629182419864,-1.1826820989814557,0.0309642381609452,-0.5678607996737541,-0.607994392749003,-0.9055577407381294,-0.0908598019158574,-0.770069203279153,-0.0010340306514405,-0.8099551210738689,-0.235448078179001,0.1702409389937758,-0.6451902390356579
2013-05-31,EFX,61.47,61.87,60.88,60.9,478421,-0.8003672480293086,-0.7926841018705445,-0.7767081645160958,-1.7680059492241176,-0.0224896453801017,-0.592908763558565,-0.5683926478620608,-0.8375176110840605,-0.2941881859935242,-0.6139668706588879,-0.0014538124697671,-1.5709123404884155,0.1691941782715769,-0.7268943537091272,-0.2365217544214464
2013-06-03,EFX,61.0,61.33,60.5,61.29,457102,0.3657007488111226,0.3704666159769302,-0.5953064349541788,-1.3707632387807307,-0.050616204898831,-0.5477550386331065,-0.5342274146793216,-0.8820380020880068,-0.3683711738935833,-0.6228429599389229,-0.0010244069086924,-1.1111844818538394,-0.8010269981600595,0.3328640671214067,-0.4627072706274629
2013-06-04,EFX,61.16,61.22,60.71,60.92,673305,-0.4088399633400663,-0.3996947039488755,-0.7167719593528532,-1.6156734441231058,-0.0881483101029444,-0.5358417713740681,-0.4787273862208728,-0.9006129947666922,-0.5570530475148069,0.0340481206841182,-0.0015408156514695,-1.4718728011657796,0.3653451943321997,-0.32279183598397,-0.8936246500343665
2013-06-05,EFX,61.16,61.18,59.73,59.79,761490,-1.1878151890364952,-1.18404999253447,-1.1277476434290683,-1.880688558434397,-0.162191137593227,-0.6202891282134002,-0.3440716666807494,-0.8086842814094445,-0.913578846183574,0.2600448748629368,-0.001620432868401,-1.8335872607887087,-0.4093975745750605,-1.7186963034681322,0.4298208706774569
2013-06-06,EFX,59.79,59.99,59.04,59.8,480313,-0.0225832587234546,-0.0144244920502682,-1.0620769716953131,-1.7632288450657894,-0.2196413069611811,-0.6451377973142179,-0.2384158001271471,-0.8056281219054028,-0.8735161019794785,-0.5777770196202844,-0.0009669224896198,-1.362539342034764,-1.1885760138723949,-0.0136803599931732,-0.267347038806528
2013-06-07,EFX,60.12,60.79,59.88,60.35,521638,0.5396113252462713,0.5420847593782345,-0.7668307710161699,-1.327069801699748,-0.2424269757386136,-0.57579090481091,-0.2246587365498501,-0.802831298965212,-0.8695950475445479,-0.4358382848095312,-0.0009702675770545,-0.9871184291819124,-0.0230401060147061,0.2627205513893882,-0.3346514569541705
2013-06-10,EFX,60.53,60.92,60.1,60.35,622642,-0.0329960430517004,-0.0247793014886723,-0.6950578409832813,-1.144717167635766,-0.2591931053324299,-0.5048192005736868,-0.2632737812255067,-0.8382873960300831,-0.9638327142240456,-0.1117825897370868,-0.0012427088046935,-0.9797131757155134,0.5393011393404521,-0.2509873145896806,-0.4589377422417154
2013-06-11,EFX,59.94,60.19,59.31,59.98,488780,-0.4146940360007359,-0.4055523069180114,-0.7794580127220637,-1.5255578434077572,-0.2854476440662132,-0.4724648389708704,-0.2788279621813619,-0.8352262911623949,-0.9815974899421388,-0.5298983311269777,-0.001475169042384,-1.219283580758943,-0.0334556067571959,0.0241017241940969,-0.3685837171995856
2013-06-12,EFX,60.36,60.37,59.67,59.67,346976,-0.354769828056021,-0.3456181421928812,-0.8284765737835188,-1.288907919417274,-0.3165024965641117,-0.4589372746818952,-0.3191103211519859,-0.8484442850823386,-1.0923052092691723,-0.9278464850106966,-0.0014228138320796,-1.437609063090968,-0.4152531744052037,-0.8899800989116577,-0.6136365943311953
2013-06-13,EFX,59.7,60.81,59.39,60.74,604141,1.0834125395438905,1.0756689609323864,-0.3076652804582672,-0.4164156373267423,-0.2972725332388284,-0.3186829729556025,-0.4539611614389406,-0.6747733750244648,-0.8499288582574203,-0.0172256773065934,-0.0009073537848348,-0.6763755755156522,-0.3553133338528317,1.2898284502658175,0.3570465324861298
2013-06-14,EFX,60.7,60.95,60.47,60.8,536516,0.0285035000815579,0.036352758332691,-0.2317319429570527,-0.3947881541761364,-0.2781609839562891,-0.2067843272821394,-0.5609638285929344,-0.6876134528045764,-0.7140072960010752,-0.2397026959564497,-0.0009769993418937,-0.4612640702256307,1.0832442166900516,0.098150970002842,-0.933369746460706
2013-06-17,EFX,61.28,61.54,60.19,60.31,817570,-0.5347466742080043,-0.5257997153802922,-0.3876782287075298,-0.8620288309019805,-0.280758927958478,-0.1731452727376851,-0.6521825985576297,-0.6752804469485081,-0.7677382770369019,0.7438288809622682,-0.0016122316185316,-0.8043358075577773,0.0280599799461297,-1.2222243773176502,0.2742068566312135
2013-06-18,EFX,60.31,61.46,59.97,61.3,543377,0.9889813590970744,0.9833412679342702,0.0599998813707316,-0.2593532884859024,-0.2427535707335824,-0.0417218307138145,-0.7087814875962123,-0.5823898652291871,-0.3985755131035861,-0.1617374001483802,-0.0009593919297132,0.0351896317452968,-0.5353371311038739,1.2138802209720476,0.4344163970043338
2013-06-19,EFX,61.37,61.5,60.54,60.55,344704,-0.7947175458891172,-0.7869955282570398,-0.2177868270635149,-0.6400966348946574,-0.24106803169854,-0.0300696638837043,-0.8309105058704416,-0.5591326096915575,-0.6642933687152947,-0.8184990957303502,-0.0014057893517,-0.502277503912716,0.9887884016982804,-1.0358075697821754,-0.2699824484335941
2013-06-20,EFX,59.95,60.22,59.27,59.4,686337,-1.2154360616043856,-1.2120448632229153,-0.6678850584517914,-0.7674746908235104,-0.2834202524185495,-0.1341003659360288,-0.7910015868383661,-0.537353779563813,-0.6919965753678893,0.3933451135637561,-0.0015876886050192,-1.4889403742727902,-0.7953758221651446,-0.7194521945286398,-0.2584313697272297
2013-06-21,EFX,59.9,60.0699,58.34,58.45,862190,-1.028705396985187,-1.0230317898999233,-1.021638231711141,-1.2094548236313811,-0.3520109184146875,-0.2848622340339029,-0.640283692479773,-0.4785675179871,-0.8251194677755092,0.9435966958069611,-0.0017375957491582,-1.7837934601512953,-1.216204091980063,-1.8551994971430996,0.8752518449288118
2013-06-24,EFX,57.97,58.37,57.54,58.02,467055,-0.4910106901755411,-0.481965729078816,-1.1416178924922022,-1.2234447408168747,-0.4201454015520586,-0.4042975216867487,-0.4819808559750725,-0.473051792073233,-0.93287627929147,-0.4333034635699997,-0.0015689718986965,-1.5306198977831444,-1.0294247143729478,0.0388480042260274,-0.3990985776162196
2013-06-25,EFX,58.43,58.85,58.25,58.59,439750,0.5786392788061026,0.5805329931428893,-0.8288853056632213,-0.6481718797983059,-0.4482388818179379,-0.396780899708264,-0.4517951014687603,-0.4550204030774639,-0.8987080074700098,-0.5059893683866163,-0.0008945954529771,-1.1090924723481412,-0.4915897375342251,0.1805683648680705,-0.7378588783544008
2013-06-26,EFX,58.77,59.0299,58.43,58.65,593885,0.0307602677507318,0.0385948932893532,-0.7429510968746743,-0.6262003353155748,-0.4644836903509369,-0.3602693250553674,-0.4358974559603853,-0.4514757192252017,-0.8389576549933264,0.1056210261290983,-0.0008249771278395,-1.0649661687537753,0.5783392742394546,-0.1805825746636283,-0.7388740869994466
2013-06-27,EFX,59.01,59.31,58.92,59.2,478452,0.5508389207030826,0.5531480270108067,-0.4496134891200675,-0.6262003353155748,-0.452195730173464,-0.2576172098529312,-0.4886359381904258,-0.4183195842050365,-0.7534145399677759,-0.3182103874810713,-0.0009501993963823,-0.606905244336316,0.0303173363450466,0.2169445774370426,-1.0422878322057556
2013-06-28,EFX,59.02,59.3,58.89,58.93,773893,-0.316943173535083,-0.3078150501057115,-0.5253561712119296,-0.710674641254483,-0.4495969197181088,-0.2004352222807284,-0.4882157651417557,-0.4514839782479833,-0.6425590934095979,0.6758639926832344,-0.0016707284747041,-0.7261497009883408,0.5505316637737276,-0.1415259826479312,-1.0114876129779369
2013-07-01,EFX,58.95,59.85,58.95,59.41,421872,0.4741116779616645,0.4775043350597421,-0.2739074078678165,-0.3955660741123612,-0.4254385895291796,-0.099195799567584,-0.5448659436450188,-0.4415583549927685,-0.6179699027962477,-0.5568687473489908,-0.0009668359930873,-0.3272479164952441,-0.3174768113792017,0.5632308821193763,-0.3287961547671184
2013-07-02,EFX,59.37,59.58,58.98,59.29,444515,-0.1587486857015791,-0.1499687282506853,-0.2910489467788655,-0.3300032954065902,-0.4080084863132781,-0.0355226018018031,-0.5813359390264321,-0.4483749216325507,-0.5604361702462755,-0.4451270022502643,-0.0015071064266594,-0.4269733626185167,0.4737844049666239,-0.1281212133581762,-0.7479352067927648
2013-07-03,EFX,59.01,59.37,58.74,59.03,200876,-0.3060115557794859,-0.2968945392079423,-0.3888501267254016,-0.8956335105014849,-0.4014954183137106,-0.0126843043034612,-0.5691619644552303,-0.5483075723358685,-0.3541599675074651,-1.283646902944832,-0.0013747713071033,-0.6430451625522773,-0.1592410548757125,-0.0007101162975793,-0.7018652960381814
2013-07-05,EFX,59.38,59.59,59.07,59.54,380948,0.5048931509898912,0.5078622100836591,-0.158709870520091,-0.6787637266641438,-0.3736513133876956,0.0604920555382946,-0.5695215149190547,-0.5204047587027012,-0.2313315128360903,-0.588285006777869,-0.0009797479935736,-0.2192120165283609,-0.30654234185973,0.1772584849432293,-0.8634561322023546
2013-07-08,EFX,59.92,59.93,59.35,59.66,928516,0.0924820305094231,0.0998850014833915,-0.0906896247305012,-0.4546176008953893,-0.3445859513184106,0.1221766382750044,-0.5856612000597784,-0.5498631494126781,-0.3353927602788193,1.372996368640771,-0.000657245860906,-0.1194865704050882,0.5045739080499395,-0.3541447241143203,-0.7811043485458078
2013-07-09,EFX,59.98,60.145,59.65,59.83,729116,0.1444070138500529,0.1513998966629761,-0.0043196620064433,-0.8668036408100851,-0.3129496363842247,0.1781418928806626,-0.6018127139338183,-0.546135880094274,-0.2940221982553251,0.613379084048009,-0.000863063258289,0.0217911449362192,0.0920552006449047,-0.2152589945703426,-0.901808181822758
2013-07-10,EFX,59.81,60.46,59.81,60.4,505451,0.5601358535585257,0.562307393453596,0.2374425553330191,-0.2601605819784808,-0.264096716624437,0.2672293410090605,-0.5860742217754977,-0.5278678594466913,-0.0646368230422634,-0.2046389123252761,-0.0010111941237614,0.4954870140217748,0.1439937298115037,0.7189694087621398,-0.6944437911019843
2013-07-11,EFX,60.88,61.2,60.82,61.05,481052,0.636999393605181,0.6379817220065217,0.4926303317068792,0.6624228149923094,-0.1991991616762283,0.3797979142845527,-0.5262959023612241,-0.5062098661639172,0.1721818124005822,-0.3143229018230982,-0.0010393351938717,1.035666513856179,0.559831021947898,0.1846526258418464,-1.072576535085585
2013-07-12,EFX,60.99,61.2,60.715,61.09,509188,0.0077954639088809,0.0157751999727234,0.5023462749817482,1.4315335540068643,-0.1462039481934921,0.439216350867049,-0.5015983459415965,-0.6094885736957527,-0.0828491536737025,-0.197543316710785,-0.001042138054948,1.0689083292306092,0.6367146136165253,0.0975591421450273,-0.9296719629983792
2013-07-15,EFX,61.15,61.595,61.06,61.4,503873,0.2829311401952957,0.2886206769037303,0.6251168616252445,1.9389706255077264,-0.0926329390807153,0.4882331881726705,-0.4554790450960433,-0.6017698255293752,-0.0225438952555631,-0.2114513969451192,-0.0010576088794777,1.2830229199360954,0.0073465416060159,0.2825623745765966,-0.8651454018521294
2013-07-16,EFX,61.37,61.69,60.87,61.05,419249,-0.3878871362846393,-0.3787337813424701,0.4546420787101928,1.4361579624409069,-0.0649000118455831,0.4609398800567486,-0.4186993196364744,-0.6146132160753954,0.0127261118618573,-0.4625677916066336,-0.0013870919839775,0.930233888587296,0.2825539933605989,-0.4202642655580427,-0.4719216948770878
2013-07-17,EFX,61.21,61.48,60.91,61.05,223734,-0.0329960430517004,-0.0247793014886723,0.460254868746571,1.4181407867238491,-0.0441091441519829,0.421236491808992,-0.437335015569795,-0.7142599475537008,-0.2273731549263313,-1.174212837904438,-0.0012427088046935,0.930233888587296,-0.3884392814928657,-0.2238052884085181,-0.8132028540864629
2013-07-18,EFX,61.09,61.72,60.93,61.6,282925,0.5278871776562211,0.5305300969355118,0.6781562592394361,1.4181407867238491,-0.0075952216453919,0.4299446536330857,-0.3674515749250137,-0.7481216379943785,0.0872030997381218,-0.9374640587411386,-0.0011399263862415,1.347447703271094,-0.0334556067571959,0.6044153272242957,-0.5225044381170504
2013-07-19,EFX,61.34,61.61,60.98,61.44,359632,-0.1947052313597032,-0.1858108172059016,0.5619702749309781,1.5348982450885862,0.0131971558276398,0.3964441968163283,-0.3116709509692627,-0.9241684564046722,0.3369095994018518,-0.5914632820352629,-0.0013686919550552,1.220206304708699,0.5275739332368949,0.0968523196384996,-0.7367545412940316
2013-07-22,EFX,61.45,61.71,61.31,61.69,429235,0.2203325600512435,0.2266487338191055,0.5985940654557464,1.4656422273335543,0.0373870579714598,0.3783890013784513,-0.2990086861343369,-1.09918292712516,0.6466277626810206,-0.2318777464468696,-0.0010851925397471,1.4190209899624366,-0.1952069806256267,0.2687595832139531,-1.0509390108531425
2013-07-23,EFX,61.64,61.73,61.23,61.49,502790,-0.2348376300141799,-0.2258399843950822,0.4337422099702153,1.3767331970565615,0.0464549600319629,0.3250210771331051,-0.36450379121436,-1.1398711360044065,0.710880975634275,0.0707970248374189,-0.0014173078509352,1.2136248530589258,0.2199390829374017,-0.2101706678901327,-0.9136457455231832
2013-07-24,EFX,61.57,61.83,60.71,60.73,569579,-0.80248878169083,-0.7948203672393137,0.0555678746232684,0.8905119377292432,0.0217838086648433,0.1954829950189512,-0.4321343616117269,-1.0450034580934515,0.3689493341111342,0.3198089915008751,-0.0014537799542169,0.3674082547850187,-0.2353498487391755,-1.0570701570718315,-0.0543279779598352
2013-07-25,EFX,60.34,62.04,60.01,61.87,950248,1.135687684074591,1.1267205178174162,0.4798852706674867,1.113690403326299,0.0448836319767104,0.2148141957923905,-0.4595889721226352,-0.9061382289016854,0.6388434159999391,1.760550093572971,-0.0008615857584998,1.271633036627665,-0.8031490852724233,1.8893982535126337,1.1431507098375575
2013-07-26,EFX,61.67,62.085,61.45,61.79,727184,-0.1134977886454643,-0.104891339697317,0.3878966350194728,1.0109801752517222,0.0576809086238109,0.2037605786504094,-0.4696126162999914,-0.9225937005411738,0.4750595917145235,0.797391356262077,-0.0014991495424399,1.1497147601015434,1.13553299839432,0.1206951926066676,-0.7348512394512118
2013-07-29,EFX,61.83,63.03,61.63,62.93,755555,1.1156390556435534,1.1071461370166444,0.7918793916594584,1.284213113893708,0.1097272541695177,0.2959441126242173,-0.428933001209672,-0.8332308178332721,0.8294040629014486,0.913500369368138,-0.0009491365212322,1.3653920030683515,-0.1139783530825128,1.3178038385440305,0.2627552815352783
2013-07-30,EFX,63.22,63.87,63.1,63.5,861534,0.5309175335284669,0.5335168524063177,0.9460248526741212,1.284213113893708,0.1697541079918438,0.3902326307259022,-0.3272124661132179,-0.8289919292926693,0.843598416892289,1.1906299061712378,-0.0009399810135167,1.2031229687906022,1.1154791398175188,0.3083006564363184,-0.5807339523472195
2013-07-31,EFX,63.7,63.89,62.92,63.23,1088296,-0.2977152576125877,-0.2886079557159989,0.7423843955168727,0.9146463740909504,0.2026674381043892,0.3958737019271532,-0.3060010510064671,-0.8163890610172261,0.8084887291918591,1.8114882185600092,-0.0015875062819694,1.0168671376856904,0.5306050796471561,-0.5837630033729864,-0.3128068433662768
2013-08-01,EFX,63.68,64.98,63.52,64.5,822332,1.217481698893499,1.2065156439083695,1.163863586209935,1.2361511263390603,0.2738798835864687,0.4989678225447994,-0.2153088424702709,-0.7345820590672899,1.193448441873142,0.7187070869120897,-0.0009452146626006,1.17289446488791,-0.2982438794126738,0.9465550545409028,0.2951513626872774
2013-08-02,EFX,64.43,65.22,64.23,65.19,803272,0.6330201720493736,0.6340663351750314,1.3311215985183442,1.3139547909017455,0.3517210833334067,0.5985054184052077,-0.061619299158309,-0.7260561215865862,1.2261912528169168,0.5631372417045328,-0.0009802445850963,1.4258897494461606,1.2173483510629255,0.8648732166753816,-0.3256780850246319
2013-08-05,EFX,64.86,65.4,64.84,65.37,674501,0.1389083402853852,0.1459466786270323,1.2798297998172592,1.5642437025385456,0.4140260343377915,0.6381454582807469,0.0506042040112836,-0.7273795293215765,1.2381582790790204,0.1907451502405792,-0.0010413615312514,1.4255351963453593,0.6327343539892689,0.5677539152545625,-0.8773743623706575
2013-08-06,EFX,65.17,65.41,64.75,65.16,1035865,-0.2329989170719217,-0.224005435337789,1.0731931377774284,1.4321252023607252,0.4482749007666693,0.5976416114585249,0.096702020694857,-0.7049596738937087,1.140885225328991,1.303939385605528,-0.0015310115128528,1.2944777906999174,0.1384936217913894,-0.0379095821819732,-0.7471715491388857
2013-08-07,EFX,65.0,65.37,64.59,64.75,1131791,-0.424736303555337,-0.4156019213306611,0.8057262640580575,1.0772007628479374,0.4523707772188597,0.487625256872875,0.1105823332579272,-0.6766119192043508,0.8902464013596616,1.4395117764370031,-0.0015942260894759,1.036589897616583,-0.2335106561263633,-0.3169003399333284,-0.5873722355924869
2013-08-08,EFX,65.13,65.65,64.72,65.43,682104,0.6208335399449659,0.6220736606753361,0.995270426019796,1.3086101294538488,0.4752046148699547,0.4478433627635429,0.1842061961358936,-0.6780352918612206,0.8862017872294946,0.0236804203592956,-0.0010001329190025,1.3132120964770448,-0.425298061716228,0.3216879869642552,-0.4067449739078504
2013-08-09,EFX,65.44,65.62,64.97,65.16,406477,-0.2899067892631718,-0.2808096438106827,0.7943047007090842,1.1101241567078937,0.4754972000406123,0.3579970516304201,0.2102841812580941,-0.6592911083837029,0.8109852624273399,-0.8023604368773537,-0.0013756444305508,1.154075746280324,0.6205445427216336,-0.3495821352820378,-0.7599617362289492
2013-08-12,EFX,64.97,65.61,64.97,65.04,513829,-0.1476517290527584,-0.1389112838378316,0.6661546474512782,1.1537238922273705,0.4639619954550781,0.255675475502334,0.2226681694173853,-0.6515431869751939,0.7031914582148057,-0.4755593670051687,-0.0014192074450473,1.083348479526234,-0.2904333740447257,0.055084479793909,-0.771241642924631
2013-08-13,EFX,65.15,65.37,64.705,65.09,326348,0.0148653018887752,0.0228012609793257,0.6006763000775978,1.6254638508789785,0.4499056720078656,0.1673288980499965,0.1960675920488612,-0.6789343783459654,0.8044093738595391,-1.0408799627100196,-0.0011229959706429,1.1128181740071057,-0.1481412033305647,-0.0958960920614795,-0.7398617479443613
2013-08-14,EFX,64.99,65.09,64.27,64.28,429517,-0.8077542297754484,-0.8001226965404874,0.1973870515694997,0.8629857814220239,0.4005741643672775,0.0058539192231016,0.1177225980550862,-0.5940190037755457,0.6095509773017023,-0.7440405217453075,-0.0013937514082058,0.6354091234169598,0.014418223915725,-0.8517014941371527,-0.528170436524991
2013-08-15,EFX,63.9,63.94,62.66,62.69,615656,-1.5729817247993665,-1.5755789131084492,-0.4818655907495228,0.1320459914591159,0.2938200226008177,-0.2711309355698548,0.0691676544565126,-0.3777130649006096,0.0923986829980227,-0.2258901397318793,-0.0014716694592238,-0.3017271610748081,-0.8084159069702586,-1.45695285827508,0.1103238875872368
2013-08-16,EFX,62.51,62.83,62.265,62.32,736099,-0.4004465754248696,-0.3912972211241116,-0.6524291981836046,-0.4289524847519088,0.1907599116185755,-0.4832104477569627,0.0200003901211618,-0.3673429309347545,0.0428772751591938,0.0716347339080248,-0.0015410772066409,-0.5198029002332678,-1.5738430291833938,-0.2559572352329231,-0.8357464680146004
2013-08-19,EFX,61.83,62.7,61.81,62.11,525616,-0.2427872477163611,-0.2337722252616876,-0.7475312425150054,-0.7633963693059425,0.0979935998268137,-0.6263779955941449,-0.004163687367249,-0.3662613908455711,-0.0674874733357759,-0.5436678908890891,-0.0014814247190114,-0.6435756170529354,-0.4010019970516122,0.3158231846286906,-0.397098094793592
2013-08-20,EFX,62.13,62.89,62.12,62.62,265695,0.4782195281006887,0.4815565159312824,-0.5600908117249993,-0.432859587018081,0.0423625323449166,-0.6453265542792422,-0.0665293332020296,-0.3537142584858709,0.1024173575846519,-1.2727875993470723,-0.0011106835349989,-0.3429847333480307,-0.2433015402819434,0.5695368972160599,-0.5665321134559895
2013-08-21,EFX,62.61,62.95,61.99,62.03,334306,-0.6195856649642028,-0.6109173956462906,-0.8292871226148018,-1.276828318865597,-0.0263378448605267,-0.6941255794725897,-0.1766611256555596,-0.3751561313689369,0.1469066230492334,-1.0568909356142715,-0.0014012835645776,-0.6907271282223314,0.4778933267328208,-0.7262053129225179,-0.3015088927992619
2013-08-22,EFX,62.03,62.73,61.92,62.55,305253,0.4889156045262599,0.4921063958595225,-0.6289431882705686,-1.3820157102400517,-0.061307881493771,-0.6463434836492624,-0.2174114266950525,-0.4588205814454094,-0.0060602102192325,-1.0981077566871569,-0.0010891404321883,-1.0106838111575314,-0.6201982540617652,0.6070371212950741,-0.5120897507379966
2013-08-23,EFX,62.7,62.76,62.14,62.43,411684,-0.1524359231448928,-0.1436782009980249,-0.6911973853383856,-1.5299265625711784,-0.0943530594979227,-0.6031632540150168,-0.2602829534027438,-0.4579273301118871,-0.0153586184013647,-0.7365939841002125,-0.0014389615731547,-1.2197741210819502,0.4885921934758941,-0.3516591663781565,-0.7636555865130229
2013-08-26,EFX,62.38,62.83,62.17,62.48,377988,0.0168662326959958,0.024789657121205,-0.6615729905118884,-1.4423842380418033,-0.1188993614930266,-0.546743109765212,-0.240322773974251,-0.5716725514771888,-0.272497564415768,-0.8069121172944446,-0.0010488075459575,-1.3013023607479282,-0.1529266454897453,0.0947988469659632,-0.7109627096303635
2013-08-27,EFX,61.98,61.98,61.16,61.18,460124,-1.3283777451668073,-1.3266477016120275,-1.1505339038623117,-1.651950873340635,-0.189031899969414,-0.6189451823186699,-0.1170019728139924,-0.4735133738913031,-0.7040563966821609,-0.4874384135084206,-0.0014633302137743,-1.866495740539394,0.0164196767117599,-1.0014928678661468,-0.4743002873302895
2013-08-28,EFX,61.15,61.165,60.32,60.43,463366,-0.7962116057181586,-0.788499816790533,-1.4047641787618967,-2.218198451330861,-0.2726819962645907,-0.7115008014874429,0.053946231860997,-0.4409263441697506,-0.817838149323077,-0.3899339192131802,-0.001484071859752,-1.8126986634637403,-1.3291752389778444,-0.9158878560964346,-0.4259585831388568
2013-08-29,EFX,60.2,60.74,60.14,60.38,584678,-0.0845085678726295,-0.0760305111798153,-1.34429788404157,-2.1895359001380457,-0.3387345010001024,-0.7402493990836516,0.1851420067684487,-0.6182385158921403,-1.1055945313495017,0.0879257394620315,-0.0015762716973097,-1.736510848954471,-0.7968702717540498,0.1995857968012927,-0.7631603421425044
2013-08-30,EFX,60.17,60.23,58.92,59.09,743862,-1.3631197325708473,-1.361943380484811,-1.7603737060257545,-2.324330187781717,-0.438491829099545,-0.8500039122838106,0.3724052738630746,-0.5884485970123815,-1.5417360701589018,0.683042176586673,-0.0017250614829668,-1.79733386082684,-0.0849815698048044,-1.382406429088061,0.2563072654376895
2013-09-03,EFX,59.63,60.14,58.75,59.25,707591,0.1355821596860226,0.1426477612000048,-1.5733886970096536,-2.2571436195955683,-0.5071038911544365,-0.8576401441990348,0.4727338942136376,-0.5887395362572198,-1.5424453305028925,0.5422961716243594,-0.0006873534589434,-1.6404200651450795,-1.363926289628224,-0.507780216140172,0.3638456239239571
2013-09-04,EFX,59.23,59.6,58.95,59.44,578059,0.1666499843699031,0.1734540930434409,-1.3799617821756518,-2.0410196772317675,-0.5493652736533603,-0.7959229341709636,0.5227272478726536,-0.5672971261576498,-1.456719786497823,0.1600656093765951,-0.000864666252408,-1.54888463150536,0.1351665734813287,0.2415523480766667,-0.6799585134818198
2013-09-05,EFX,59.36,59.74,59.135,59.58,512786,0.1136413265613753,0.1208823621452157,-1.2169959745993948,-1.6551243072439403,-0.5724452823106086,-0.6971766400800048,0.5498170962164204,-0.5530204798116785,-1.340132718204303,0.0324317912915234,-0.000947558530269,-1.4814374698760917,0.1662425029217125,0.2536934345784101,-0.7450462914652984
2013-09-06,EFX,59.63,59.88,58.9,59.34,476175,-0.2837837066914858,-0.2746952125061269,-1.1950357119616013,-1.6236805406273689,-0.5950188396823906,-0.6168760079168109,0.503900504150015,-0.6336268513156751,-1.534450609604258,-0.075209089190173,-0.0014904403270169,-1.5958199457894795,0.1132200165858103,-0.3937493480462165,-0.2149497498416555
2013-09-09,EFX,59.48,60.0,59.39,59.72,501672,0.3656904121127666,0.3704564013830699,-0.9220025101422048,-1.308532946603295,-0.5928159335718693,-0.4888613117000941,0.4104107154989769,-0.5897354729025058,-1.393609997284574,0.0102156664733182,-0.0009561315151924,-1.411265454153512,-0.2843086941261447,0.2785326158991511,-0.740052563558271
2013-09-10,EFX,60.04,60.11,59.5,59.63,796553,-0.1268209488600023,-0.1181600055790013,-0.8482998600235009,-1.689802585153779,-0.5895127253181225,-0.3836173959513356,0.2842523658530546,-0.589105820867557,-1.389097996672003,1.1269745664878397,-0.0016551466676853,-1.439417626193807,0.3653348549372783,-0.5422431317305545,-0.7387677334389134
2013-09-11,EFX,59.53,59.79,59.47,59.59,921800,-0.0747589392439402,-0.0663270855624446,-0.7505656183716947,-1.5403517153434556,-0.5834397437144297,-0.2922929144301507,0.0928302592731582,-0.5936312027896316,-1.4084666923902809,1.4222986199514036,-0.001803308041949,-1.4408749474812004,-0.1273049889497716,0.0498317291660371,-1.143781106258911
2013-09-12,EFX,59.62,59.75,59.32,59.4,1074034,-0.2315029590565732,-0.2225129051175721,-0.7297907319795721,-2.0489487475842663,-0.5811019895282827,-0.2288477402854626,-0.0577698975173861,-0.6184592109779546,-1.282448350607419,1.7662980343613397,-0.0020612287810567,-1.464979471311724,-0.0752293977612853,-0.3051054259854818,-0.9880146478592656
2013-09-13,EFX,59.33,60.24,59.3,59.95,767023,0.5434672671203242,0.5458844883080864,-0.4340068091300176,-1.5371635805242556,-0.5529260579990349,-0.1115845772828526,-0.1150593935172485,-0.7415908763358764,-0.8093838835181487,0.6413840080097387,-0.0004136439245338,-0.931536631694608,-0.2320143078559656,0.7632015141966715,-0.2845614694909441
2013-09-16,EFX,60.65,60.95,60.3,60.7,467921,0.7458784877895679,0.7450182176143186,-0.0744982948336563,-1.045953324497349,-0.4970462068086028,0.0535353654148059,-0.1700413406540079,-0.6684127499073869,-0.5492518248687038,-0.3669107322636266,-0.0008532752824504,-0.3379327857227345,0.543158087125614,0.0359685152298844,-0.6988764769634995
2013-09-17,EFX,60.75,61.11,60.62,61.03,443697,0.3054743420311733,0.3109230300325386,0.0920112757570084,-0.2748090193425764,-0.4364388088643154,0.1977999435344578,-0.2140132094617619,-0.6544233390764461,-0.4228540786745154,-0.4421054040802105,-0.0009188767781015,-0.0767470934951112,0.7456221114164094,0.3219056688150602,-0.9221936177347384
2013-09-18,EFX,61.1,61.87,60.94,61.57,706222,0.5178697647351637,0.520655787902121,0.3492746754176624,0.4909492055921154,-0.3646476771272537,0.3419983442891058,-0.2854829968699379,-0.6499303324231259,-0.413738160097053,0.4092797937678684,-0.0007811317958331,0.3506476756046368,0.3051030761090779,0.5548510273028632,-0.332480321585961
2013-09-19,EFX,61.65,62.41,61.65,62.36,543650,0.7658321139058597,0.7646141148652854,0.6846685559788515,0.8381019220017665,-0.2751857100245002,0.502841490927483,-0.260825378274468,-0.6176340966397597,-0.0893444115691937,-0.1888993906901442,-0.0009380556127008,1.0599460750855407,0.5175539070433172,0.843785111171904,-0.5756238826517318
2013-09-20,EFX,62.45,62.94,61.49,61.53,1029420,-0.8616389411245049,-0.8544109534701109,0.3471547155969937,1.1882572716744173,-0.2359281368856307,0.5022907624244735,-0.3322258664246047,-0.582621008156577,-0.4069698435371277,1.2664792495739614,-0.0017625186933745,0.3242400963948176,0.7655809428949264,-1.1393292385668885,0.3726651434565038
2013-09-23,EFX,61.51,61.67,60.8,61.06,299723,-0.5085571941053596,-0.4995478232974719,0.1731809211881428,0.7753848306819158,-0.2224453024035106,0.4355064460218022,-0.4196208320681797,-0.5669501675263959,-0.4897670801009289,-1.0716276453743714,-0.0014289353288266,-0.0486394555378723,-0.8623146753854012,-0.5790446165709233,-0.4038599698209995
2013-09-24,EFX,60.44,60.73,60.22,60.3,723318,-0.8079077446389897,-0.8002772934934568,-0.1097443384307444,0.2264040520976221,-0.2405930706775136,0.300662365914061,-0.542665599692936,-0.5261754384406683,-0.6799077747766067,0.2396211202260629,-0.0017244529690478,-0.6515936246205246,-0.5091408188730924,-0.2013206859053229,-0.8864509596003588
2013-09-25,EFX,60.24,60.4,59.59,59.68,578093,-0.6731284352427164,-0.6646963392850805,-0.3473285848895261,-0.1442130379633116,-0.2778688393912547,0.14355195797715,-0.5581888706739291,-0.6317246341880717,-0.527559072588168,-0.2355881043685809,-0.0017086016006701,-1.1434772888721567,-0.8085694618816823,-0.7286571831564466,-0.4601895831774644
2013-09-26,EFX,59.86,60.12,59.475,59.74,501658,0.0295958177042482,0.0374380035884537,-0.3062373154464733,-0.0048407370963856,-0.3032492875050804,0.0484819820784363,-0.5536334932583783,-0.6795014248183464,-0.3351704656429534,-0.479363058048685,-0.000756854669089,-1.0958756439445776,-0.6737549922031734,-0.1777735207720082,-0.6915104704700266
2013-09-27,EFX,59.64,59.86,59.07,59.81,545519,0.0399544528455227,0.047728624865113,-0.2633387584063499,-0.1454483000122629,-0.3186317327832208,-0.001839311453253,-0.5512623969727533,-0.6784879916204231,-0.3061210905782915,-0.3373855913065219,-0.0007930880868067,-1.04034039152907,0.0291525825249907,0.1890389735800109,-0.4905166964091328
2013-09-30,EFX,59.46,59.97,59.18,59.85,497286,0.0086411664440865,0.0166157078370028,-0.2623759508734753,-0.0816717613275834,-0.3271729004338723,-0.0244870154354102,-0.5829203950342161,-0.871802996028977,0.0214175778542068,-0.4580236764806921,-0.0008899862402618,-1.0086059615773526,0.0395139199544487,0.4692299713886478,-0.4912524071531092
2013-10-01,EFX,59.68,60.24,59.6,59.87,479405,-0.0121913521582726,-0.0040921703598334,-0.2670976891953774,-0.0519490173651288,-0.3310349001575153,-0.0305610809270916,-0.6073896382608827,-0.8737974640323157,-0.0137949125589295,-0.4870187163034735,-0.0009410129295387,-1.0831700893785148,0.0081924647621756,0.214213596271561,-0.7004244514430357
2013-10-02,EFX,59.57,59.75,58.88,59.37,688245,-0.5529395665073393,-0.5440425167866726,-0.4835502951616311,-0.2029553099973686,-0.3514185830479819,-0.0779468613774217,-0.6038646977173033,-0.8441071468675264,-0.1847726843407962,0.1717167249525083,-0.0016333631662466,-1.4801084617651727,-0.0126454884817248,-0.2799737110374784,-0.3700581500959934
2013-10-03,EFX,59.15,59.27,58.86,58.98,1494119,-0.4419674869534304,-0.4328495124738952,-0.6407480847435433,-0.6522030438334843,-0.3802345272561267,-0.137559981211255,-0.5702932154717262,-0.8294167330278032,-0.3153777505017993,2.4176193698426123,-0.0022297181318977,-1.7835327400307133,-0.5535347694375283,-0.2434560855507941,-1.0119791662876132
2013-10-04,EFX,58.91,59.69,58.91,59.59,783878,0.6109070236511335,0.6123034139637424,-0.3800902296742281,-0.7313650468583928,-0.3764214238755015,-0.101263870281328,-0.5812104738280711,-0.7887174637439985,-0.1056023730430861,0.2446136782582129,-0.0004390760673139,-1.2865350101679818,-0.4425337402647584,0.8457801035185168,-0.5004383444480772
2013-10-07,EFX,59.24,59.71,59.23,59.5,798835,-0.1270256348434797,-0.118363876536247,-0.4145933240376408,-0.9675759966441312,-0.3743226993525447,-0.0766397632046524,-0.5734944335366382,-0.8049771343409737,-0.2215801127074269,0.2392683443202993,-0.0018777795672294,-1.3598625440821572,0.6106154368677562,0.3052746736849377,-0.918994277623562
2013-10-08,EFX,59.49,59.58,59.0,59.17,1085062,-0.3782927216152404,-0.3691380277492044,-0.5486540395507327,-1.4562638903617282,-0.382928778229462,-0.0844944572155162,-0.5523373489783303,-0.7936467708556751,-0.2807724851553768,0.9954388108929836,-0.002361296157534,-1.6287301684341222,-0.1275097283302948,-0.4327137815042938,-0.774394739304915
2013-10-09,EFX,59.15,59.57,59.15,59.43,703177,0.2405731600855378,0.246693503591747,-0.431763644093206,-1.8984918398379855,-0.3768685277156011,-0.0530273330475616,-0.5462497544418613,-0.784655656705607,-0.2069105446605898,-0.0440586230467766,-2.8357659026196492e-05,-1.4168950704598473,-0.3788423638997676,0.3313250357038421,-1.0023425608369851
2013-10-10,EFX,59.81,60.83,59.5901,60.82,550530,1.4231485324661206,1.406703171935642,0.1434986116162719,-0.5618879449217454,-0.3154215653436524,0.1147108091485855,-0.5531557238647126,-0.5879211699774853,0.1836156482003179,-0.4183626125370742,-0.0005813533461633,-0.2843920466742908,0.240184963197667,1.249511956285924,0.1076950304394175
2013-10-11,EFX,60.79,61.06,60.51,60.9,421265,0.0488954893370823,0.0566095802833164,0.157445105997893,-0.279302668150107,-0.2622490504142929,0.2276030376297074,-0.5436387353288519,-0.6124137119658704,0.0652540268079529,-0.7678739163766392,-0.0008340293214435,-0.2192120165283609,1.4230688375585905,0.1103950195953394,-0.8386560400491665
2013-10-14,EFX,60.5,61.26,60.17,61.15,741209,0.2225788235270248,0.2288735845716092,0.2563837671282666,0.3427385390729191,-0.2095511066025015,0.316695282527544,-0.5272217476244884,-0.6605600717569184,-0.0585980817844825,0.1564166390388778,-0.0006159397796435,-0.0155244223223257,0.0484572889209848,0.7853968434314427,-0.1057713803866556
2013-10-15,EFX,60.9,60.94,60.13,60.14,620727,-1.0612972347698355,-1.0559804593908493,-0.1639794638182194,0.0767632321819801,-0.2068485120982691,0.2592819099788592,-0.5429189750676807,-0.5735834451543455,-0.3816507834228997,-0.2249500808383081,-0.0016708961963152,-0.8384223029147065,0.2221859324026656,-0.9691631308538928,-0.468841425285827
2013-10-16,EFX,60.4,60.6,60.065,60.59,860077,0.4328522588166191,0.4367893448030721,0.0535619853311308,0.267192224952267,-0.186542447239006,0.2586622415967908,-0.5924315126411612,-0.5822192749844824,-0.4012404470000832,0.4487451931699602,-0.0005411775969187,-0.4717846333438407,-1.062025054487963,0.2113463494846356,-0.8554374536570761
2013-10-17,EFX,60.44,61.7,60.4,61.62,609898,1.025359768526699,1.0189256402996631,0.5191952593813856,0.6378304076608007,-0.1301097604825245,0.3511558097486803,-0.6781964700818849,-0.536688819444842,-0.3417560812646985,-0.2847687042806666,-0.0008456153381863,0.3674082547850198,0.4325142223532946,1.4487183017157972,0.1669220750454792
2013-10-18,EFX,61.95,62.24,61.67,62.17,699409,0.5226988713302879,0.5254161048184077,0.7447359656768278,0.7931449801831969,-0.0646912718573775,0.4482799635930147,-0.6089844711990998,-0.5708603245241008,-0.0147158300681803,0.0221250815167005,-0.0008443363021211,1.3740347558553194,1.0251763012725612,0.241986802419064,-0.8272207979204192
2013-10-21,EFX,62.32,62.43,61.64,61.84,1114796,-0.3634633484165214,-0.3543095100915783,0.5833730296704678,0.6094166000329114,-0.0272164122211235,0.4540528666898937,-0.5511585404486197,-0.5826154996894426,0.020133738533207,1.064172378487087,-0.0017979748039896,0.893504212391469,0.5223842734219466,-0.6082301721162372,-0.5266525084623289
2013-10-22,EFX,61.84,62.07,61.55,61.66,1310717,-0.2142128404279081,-0.2052650150491653,0.4746281242163272,0.7818398145150404,-0.0062257031322032,0.4162412694268693,-0.4968017444073223,-0.6425458839400747,0.1637619780639616,1.4681401628106074,-0.0020588503549379,0.7258984205876393,-0.3640091221180341,-0.2462279565610192,-0.8884817511051887
2013-10-23,EFX,61.6,61.79,61.18,61.3,1328509,-0.3964876664621485,-0.3873367759654451,0.2821255007404423,0.7988220684341849,-0.0053924211627278,0.3341071212133507,-0.4843888049138025,-0.6739777116402091,0.2311860901616528,1.3471011663655492,-0.0024145327711987,0.3906868369799937,-0.2147196787022533,-0.3942635565062425,-0.7619939780276087
2013-10-24,EFX,61.83,64.2,61.54,63.73,1169388,2.434981626141538,2.382262927026276,1.2472172580708298,1.2066760401499426,0.0881894106247108,0.5071329732433733,-0.245440448425546,-0.2242086674524822,0.8134291865137495,0.8201188144410212,0.000542568270038,1.150300976425472,-0.3970420553164492,2.295345939924846,1.887205604719904
2013-10-25,EFX,64.46,65.67,64.17,65.52,1095564,1.7156605884006035,1.6903119156701685,1.889605347817275,1.5099915661744048,0.2284704602118891,0.7657566375748538,0.1613019845849982,-0.0709494119561114,1.234633027711038,0.5527297252691119,-0.0002248817366831,1.369658894539965,2.4351658911645657,1.2160801644742645,0.3166628034411019
2013-10-28,EFX,65.56,66.22,65.52,65.89,879986,0.3185832285367294,0.3238881699274293,1.9088621987555725,1.7003090134499443,0.3484924423231066,0.9205090781089672,0.4827379983241504,-0.0750933796041986,1.3146744135415391,-0.0040700272439306,-0.0006445397501521,1.2938325691282098,1.7156572019894594,0.3539776697517934,-0.7059300383002474
2013-10-29,EFX,65.98,66.21,64.99,65.09,667382,-0.7888987596833955,-0.7811372535156614,1.4468886103156693,1.3243184968646229,0.4057528178312365,0.8827637355568208,0.6339108103553904,-0.0090650248989204,1.1130272842229452,-0.5134748603054807,-0.0016159206942279,0.9325084889714184,0.3182153823691304,-1.0454297486845214,-0.0292429618204529
2013-10-30,EFX,65.06,65.29,64.55,64.72,659287,-0.3868979308144001,-0.3777443690639709,1.1688794629939765,0.96010814564477,0.4299185218620702,0.7673823468445795,0.6881799851181347,-0.0241400469675178,1.1559699076750607,-0.5295531697901645,-0.0016686766806857,0.7653961018988997,-0.7895555179952326,-0.4211460460061509,-0.6384154341912471
2013-10-31,EFX,64.61,65.1,64.25,64.67,550882,-0.0810940324665444,-0.0726319840565379,1.0213080768761558,0.9251472468175184,0.4403302422466356,0.6396747187388288,0.6771350205761109,-0.0481167606882004,1.2493841347116332,-0.7069115329335995,-0.0016631708978021,0.7380249378240961,-0.387449817965632,0.0438445249793041,-0.4959206155454203
2013-11-01,EFX,64.7,65.25,64.64,65.18,443547,0.4579827589318386,0.461591428572052,1.1133585393361418,0.971715210623385,0.4616353920832824,0.5655481161376887,0.702981027200664,-0.0536801143517952,1.210234273773004,-0.9450094594376148,-0.0008437231929271,0.9640492786554666,-0.0815661436386382,0.5341912834116456,-0.8113618836111954
2013-11-04,EFX,65.23,65.25,64.665,65.15,426506,-0.0616511692400598,-0.0532838287592195,0.9766382393258746,1.406847426204118,0.4702226343809471,0.4735111589853218,0.6837665625476191,-0.0566627914233411,1.2271281726169394,-0.9625487589962918,-0.0015781422658065,0.9502368899957332,0.4576512783373691,-0.1189754932559077,-0.84298310566138
2013-11-05,EFX,65.02,65.1,64.32,64.33,393256,-0.8165968220054186,-0.8090282473819869,0.5215801337272085,0.956494047529726,0.4380112084852571,0.2948665236671089,0.5619915744274582,-0.0088973716355581,1.1132834950164971,-1.0016196654139065,-0.0015945128040319,0.5542361629755858,-0.0621182082941737,-0.828081111923871,-0.5808176001529349
2013-11-06,EFX,64.72,65.07,64.09,64.32,637358,-0.0426739596533796,-0.0344048876553801,0.4131355440886041,0.736044034402901,0.4057168738136366,0.1517374096505362,0.4254434926892402,-0.0042849615160757,1.040956958156634,-0.3471250079252184,-0.0018956541250754,0.4902331736561422,-0.817260805993756,-0.4932620710058405,-0.3215160317643428
2013-11-07,EFX,64.57,64.9,63.51,63.57,341128,-0.7589526370183249,-0.7509966684341437,0.0432854727146582,0.27975556766766,0.3449343300859288,-0.0360940412595324,0.3547665579806507,-0.0513713824578989,0.4965811097319865,-1.1231961043413106,-0.0016996953466943,0.0116714290048108,-0.0431360480659736,-1.1963922076684357,0.2309789835156971
2013-11-08,EFX,63.56,64.74,63.46,64.7,395557,1.073682930888734,1.0661624420339677,0.4321246818258919,0.6887930017697116,0.3356700536179116,-0.0537520689282929,0.3003773501938383,0.0047485447639186,0.7489251548798037,-0.9744029172449286,-0.0006083523790923,0.6219598347416146,-0.7596015831954249,1.3287658135717069,0.0574597137512329
2013-11-11,EFX,64.56,64.94,64.455,64.65,393093,-0.0811089004694536,-0.0726467819497981,0.3376704139988915,0.741289844627707,0.3209642504577271,-0.0818848870951517,0.2411800416028561,0.0079539051201763,0.6731268657277122,-0.9557124280008822,-0.0017558282502925,0.5949559229833504,1.0735120698427356,0.07900656972227,-0.9661063154398988
2013-11-12,EFX,64.6,65.15,64.38,65.07,456047,0.3714645253845324,0.3761620442606879,0.4072872221749823,0.976587011243996,0.3204490830616801,-0.0678646894580835,0.0796547144995802,-0.0902416324666801,1.0364586858943503,-0.7669766678616402,-0.0005123841676499,0.8217887817527745,-0.0815810155202078,0.5233636198175519,-0.6051173273777298
2013-11-13,EFX,64.81,65.8,64.66,65.79,591467,0.6558895724235905,0.6565654874854783,0.5936421759676836,0.587172668345542,0.3427299459832343,0.0020280582641852,-0.0487587490759035,-0.0807116385823133,1.092963015551535,-0.3562905436824984,-0.0004928475434055,1.1972777107667267,0.3711104745192723,1.1161113068411432,-0.1472050439149748
2013-11-14,EFX,65.91,66.3,65.615,66.21,439344,0.3644560887221543,0.3692366465906556,0.6688771951723568,0.1262059334693839,0.3709448936594833,0.0732164884475985,-0.0925507253319238,-0.1235666149258227,0.9265065343699368,-0.7751396076583594,-0.0008041926842682,1.3844458736050276,0.6556097203724773,0.3175695900669744,-0.7290902697002585
2013-11-15,EFX,66.18,66.7,65.6,66.42,628197,0.1644694134458347,0.171292375706937,0.6652604653742644,0.0592752732072327,0.3953170171793396,0.1202758693685138,-0.1102140520196178,-0.131207597227005,0.8365094658082325,-0.2203373616841346,-0.000701250121256,1.2742608481197155,0.364100209545025,0.2476699773791957,-0.2110928674719288
2013-11-18,EFX,66.47,66.67,66.181,66.56,357073,0.0982313771500575,0.1055910520611635,0.6234713068634588,0.5803197144187818,0.4136771367039518,0.1424485793158229,-0.1834026637209417,-0.151676521932711,0.9534886668228164,-0.9478392403555524,-0.0009851821609699,1.358569800156301,0.1640613631455742,0.0759801343333454,-0.9790390399685016
2013-11-19,EFX,66.49,66.99,66.31,66.8,609483,0.1914920729287462,0.1980760664870538,0.6136651802615609,0.9252869507089344,0.4310084778870556,0.1575386895326516,-0.3103386486401624,-0.1642275412159038,1.056799153502666,-0.0675222516302011,-0.0008404654218695,1.3341705779908093,0.0978060471348221,0.32593271068467,-0.7429438944839677
2013-11-20,EFX,67.0,67.36,66.56,66.94,721368,0.0974848738614947,0.1048502000999991,0.5533925800661814,1.0074931458815222,0.4434455746611412,0.157013076849836,-0.5673439695629183,-0.1908269807834142,1.183781439902792,0.4151583989833219,-0.0008268917051278,1.2029893628929114,0.1910910721106238,-0.0939748659236776,-0.5953172155310558
2013-11-21,EFX,66.76,67.49,66.57,67.45,502372,0.4413331939407593,0.4451605580795077,0.681399343153102,1.0074931458815222,0.4663020554877074,0.1834119018889811,-0.52753870213814,-0.587791617593261,0.6897953585913277,-0.2293682928338541,-0.0009908612163353,1.4098843945011557,0.0970593491037098,0.7545512106901024,-0.4545768199509226
2013-11-22,EFX,67.34,67.88,67.27,67.85,637135,0.3362139643527574,0.3413212944172856,0.7934537882946001,1.1457912238545007,0.4927816140188755,0.2138567015620536,-0.4055352720839774,-0.8469252415537999,0.35480113908037,0.3558076773999993,-0.0009498758259085,1.4203164340654475,0.4409973699243892,0.5458754662502294,-0.8420545671185197
2013-11-25,EFX,68.02,68.29,67.8,67.93,529006,0.0404106334388996,0.0481817709016918,0.783242629784668,1.8430147832884365,0.5093477221856578,0.2126954907188163,-0.3004718769878246,-0.8539495051718994,0.2872287873855441,0.0158780166870006,-0.0010227787103701,1.1951136686568002,0.3358507175680317,-0.1262821589763482,-0.9901606268250992
2013-11-26,EFX,67.92,68.01,67.53,67.54,497744,-0.3904321482253408,-0.3812793980239217,0.5771193311591131,1.505193774063449,0.4996717418516169,0.1442198379905643,-0.2486537549804016,-0.91748650865057,0.3853275720252472,-0.0736593127394573,-0.0014344474588864,0.9267014948260396,0.0399702195530236,-0.4490149955097546,-0.9990287777784426
2013-11-27,EFX,67.61,67.82,67.09,67.46,364982,-0.1067396468403724,-0.0981619268401386,0.4892871012348913,2.13586271698191,0.481607199575288,0.0678473017743801,-0.2283030621451042,-0.9412569946992126,0.4542960057916529,-0.5563758559229746,-0.0013937399144861,0.8716425873735676,-0.390984957358457,-0.1939362487405748,-0.6894735097785077
2013-11-29,EFX,67.42,67.72,67.13,67.33,217692,-0.1529715081393773,-0.1442118747031296,0.3835758532858022,1.7827784710196426,0.4552309292234988,-0.0146449721816013,-0.2304563618038551,-0.9373688708573478,0.4366087425522522,-1.1259479188229964,-0.0013379750766815,0.7821718627633175,-0.1072184482607211,-0.127171796544935,-0.8610237803963495
2013-12-02,EFX,67.47,67.9,67.04,67.3,429037,-0.0607361459026926,-0.0523734115313533,0.3288256460129405,1.807935394602864,0.4265339188135328,-0.0866123363054862,-0.2229886436370774,-0.9529485422543744,0.3102076924915115,-0.2316966579245802,-0.001437137877449,0.7615247724686429,-0.1534623702038919,-0.2166797267443267,-0.5263441228211455
2013-12-03,EFX,67.12,67.65,66.725,67.04,607111,-0.2735174360625452,-0.2644448017429793,0.187775962605962,1.3588554702177118,0.3873970555663124,-0.1710582290896368,-0.2329780464276776,-0.9404467297810736,0.2585795136741341,0.473086226172489,-0.0015385634418068,0.5825833232481424,-0.0612029462519271,-0.1163663543831652,-0.4414090007829639
2013-12-04,EFX,66.77,67.34,66.33,66.96,528340,-0.1072896438853381,-0.0987095585022597,0.1035618620065696,0.9194647573434408,0.347530108572089,-0.2404941663136325,-0.3017901404215244,-1.042961759073349,0.4329524803078874,0.1165300182941119,-0.0015308991546759,0.5275244157956699,-0.2740397453044278,0.1886728033537168,-0.3342410465802674
2013-12-05,EFX,66.84,67.08,66.48,66.66,317512,-0.3119299028123537,-0.3028066339059809,-0.0613787784002153,0.2544481646077851,0.2989859134978819,-0.3183780032752199,-0.3924742211755174,-1.022938648807805,0.3668284898536193,-0.7022676997477546,-0.0014359685273989,0.3210535128489333,-0.1077685887850637,-0.229777372651203,-0.8411811510988825
2013-12-06,EFX,67.28,68.34,67.12,68.31,498070,1.5080444890913305,1.4891490024003622,0.4940005812968738,1.0680544545854649,0.3200654248260057,-0.2014748511102084,-0.5389844750757629,-0.8836299259687527,0.927603193702794,0.0268710752152794,-0.0009168580844877,1.4224432099545092,-0.3124622328295195,1.1303174966377367,-0.1028764065803432
2013-12-09,EFX,68.38,68.54,67.76,68.09,372939,-0.2335050205028394,-0.2245103872429107,0.3396830817195214,0.810566466079798,0.3226968624491364,-0.1554373535183604,-0.6136143962938919,-0.968734221056949,0.6020346865649373,-0.4898379738959737,-0.0014610586691304,1.0832918070368458,1.5079869412463498,-0.3467321357702996,-0.6366187996897273
2013-12-10,EFX,67.93,68.19,67.32,67.42,360084,-0.645610011682154,-0.6370506996513264,0.0222940411288241,0.1808009106170537,0.2933364831933536,-0.2009537413643867,-0.7607602160281752,-0.9006878585292976,0.4617843366877959,-0.5382911904337583,-0.0014715355690368,0.5479067998045211,-0.2340168915859994,-0.5935388448607818,-0.5158782222296565
2013-12-11,EFX,67.37,67.47,66.57,66.67,392230,-0.7255728470258005,-0.7174174018165154,-0.3023429478309546,-0.3323300938344065,0.2361333106959389,-0.3090337221421948,-0.8921131659973702,-0.8361603495554947,0.1936492102586201,-0.3929475548847818,-0.0015143620056296,-0.1592396692033673,-0.6462293898290128,-0.8113284198219307,-0.4662785517855495
2013-12-12,EFX,66.52,66.98,66.31,66.8,388753,0.0884010602153537,0.0958344442429153,-0.2711507251999732,-0.5594295312360884,0.1920061492612743,-0.3618402793874218,-0.961016091991833,-0.8815637449746672,0.0579891547638528,-0.3722852047994398,-0.000944249657899,-0.5244939944567556,-0.7262130853170806,0.2917005845171961,-0.7554200709927781
2013-12-13,EFX,66.91,67.27,66.562,66.76,347973,-0.0702763050268911,-0.0618662045996712,-0.2974456663237961,-0.8566806000167688,0.152012386811888,-0.3934462273503704,-0.9950838541674688,-0.896434803472316,-0.0454772180244955,-0.5329789598373436,-0.0014839195043403,-0.5697209541498416,0.0879731657358882,-0.1956898549058582,-0.7074813532270099
2013-12-16,EFX,67.06,68.17,66.69,68.03,862680,1.151361470776852,1.1420192342789988,0.1666762705374231,-0.1398844738667788,0.1666811563698587,-0.2780305693282498,-0.9999478890284362,-0.7536011756360891,0.1885204113911355,1.610323942814394,-0.0005877876980171,0.7242129683456278,-0.0707455941460182,1.0665142216723318,0.2217654963722226
2013-12-17,EFX,67.91,68.09,66.7,67.1,712035,-0.8840907788106054,-0.8770449901811215,-0.2065227416886775,-0.3872206256163881,0.1384138372884583,-0.2962147959400478,-1.0238647318389762,-0.6707508978981357,-0.0483252559042218,0.8639607292363065,-0.0016800576527737,-0.7036779356623706,1.151210873964276,-0.9274643343913508,0.1351111866674567
2013-12-18,EFX,67.02,67.29,66.02,67.24,1324460,0.0969015016547296,0.1042712380827845,-0.160507492874064,-0.2872049139799292,0.1184598998450361,-0.2893636760049969,-1.0371638392662186,-0.673595358386627,-0.07073919839446,3.000828199339548,-0.0002770128351997,-0.27197680283698,-0.8847723701496636,0.2216899059538676,-0.0172178436894127
2013-12-19,EFX,67.18,67.586,67.02,67.07,503582,-0.1904003615341289,-0.181518557132783,-0.2292825464278631,-0.3043627162421065,0.0931854795684823,-0.297577611279372,-1.041536989773559,-0.6719347407714289,-0.1389551176635114,-0.0858190702803822,-0.0015151005111,-0.4962271446485781,0.0964758247108894,-0.1500244455800028,-0.8880150221967913
2013-12-20,EFX,67.55,68.06,67.14,67.69,1073246,0.5425218225979065,0.5449528483046288,0.0076216926590646,-0.0300563725929309,0.0947672527262588,-0.2350213799179431,-1.0366350150965675,-0.6616892741365986,-0.115219397683195,1.912269865132727,-0.0005990018435487,0.3216270431348953,-0.1909009877757639,0.1302674598406779,-0.4586072424433423
2013-12-23,EFX,68.12,68.58,68.05,68.32,463934,0.5464479460767444,0.5488215543484827,0.2437951352909172,0.3072459847222638,0.1177612485042641,-0.129861702407505,-1.0055830582057288,-0.6430429145931997,-0.0657425610080817,-0.3064955174200243,-0.0010168408327803,1.1052665647963766,0.5422123959622511,0.1955031354650319,-0.944797911840386
2013-12-24,EFX,68.25,69.04,68.225,69.0,169362,0.5866682646039434,0.5884397564744849,0.4873204673540844,0.5440177318617687,0.1592145190028204,0.0017798949622313,-0.9131704139998874,-0.6108622382787428,0.0638583658270093,-1.3879873606037596,-0.0011664598513883,1.398849857657217,0.5461395436606835,0.8039228465132054,-0.6069354891225566
2013-12-26,EFX,69.01,69.2475,68.72,69.17,252868,0.1203933246984225,0.1275811878085957,0.5209872593872611,0.7274258247423862,0.1948151442981618,0.0920285648559809,-0.8145321661327678,-0.6269494048152582,0.1869659835843578,-1.0408670360888832,-0.0011319085318755,1.363057197072268,0.5863703545828751,0.1488506079002924,-0.9557549630931556
2013-12-27,EFX,69.18,69.2,68.76,69.1,287144,-0.0960011409973541,-0.0874705746897823,0.4611992829674009,0.1696624806801701,0.216086946683328,0.127345357265363,-0.7433048601649014,-0.6272475744871386,0.189563388414588,-0.8960895817875334,-0.0013636975950805,1.2909603085762191,0.1199737761368403,-0.1136849060560797,-1.060644041877923
2013-12-30,EFX,69.17,69.64,69.1,69.35,446452,0.1922501128765929,0.1988272358435663,0.5180918274448192,0.3804067328314123,0.2383403322670724,0.158125369448432,-0.6677406785611889,-0.6294516931524662,0.2731413486243894,-0.2986025962955996,-0.0010460205803761,1.1765769163204158,-0.0964771410315114,0.170290668010287,-0.9423828170171852
2013-12-31,EFX,69.5,69.555,68.78,69.09,446275,-0.2664075751299947,-0.2573469189280949,0.3819453839066193,0.6163283035607552,0.2412665266963722,0.1330015218735063,-0.6278014179948105,-0.6208277288190942,0.2231459869562158,-0.302199446970315,-0.0014263071854628,0.9378235462278696,0.1918493098106228,-0.4720177294990933,-0.6564684073433442
2014-01-02,EFX,68.95,69.25,68.2,68.45,336346,-0.6097096629545816,-0.601002931793045,0.1066494952502937,0.6851099907668853,0.214232277293535,0.0357847771471583,-0.6346303290208468,-0.5902700675191621,0.1414137844884996,-0.6960535887593057,-0.0013908847312065,0.3501229429231193,-0.2669280296011549,-0.5741902648536551,-0.3129031223157505
2014-01-03,EFX,68.56,69.13,68.55,68.9,314813,0.3762971180054251,0.3809369270605151,0.2426482689475157,0.7900369540204755,0.2064416036000587,0.0075440139712231,-0.6341415778726714,-0.5824245277979241,0.2580294132736979,-0.7550672338659689,-0.0010961966950795,0.7633499296217741,-0.6103196756699117,0.3483568294627899,-0.8897607872757266
2014-01-06,EFX,68.9,68.96,68.19,68.26,284818,-0.6113000198164359,-0.6025993750231258,-0.0355021866345318,0.4496811409983866,0.1714078127687911,-0.08517191110242,-0.6797634518432266,-0.5544397873025113,0.1850354899712696,-0.8740209194308287,-0.0013686146327176,0.175649326317024,0.3759443278330803,-0.7281038150447406,-0.6512057973068783
2014-01-07,EFX,68.88,68.89,68.32,68.73,320861,0.3956778160800262,0.4000824861362763,0.1376101440182504,0.1480162555046818,0.158615862839027,-0.1020945355655982,-0.669660462020125,-0.7577416658029453,-0.0771775675184182,-0.7017527341409996,-0.0010941293361587,0.6072419568689484,-0.6119104474129252,-0.1908456997232074,-0.9001513425226516
2014-01-08,EFX,68.54,68.88,67.91,68.74,445776,-0.0239376933501864,-0.0157712876672184,0.1288151443433985,0.7402607196297579,0.1454983525235377,-0.1164706219646006,-0.6586921781298279,-0.763207305330402,-0.0272763741963302,-0.1930678565304293,-0.0010467752103606,0.6164247787955768,0.3953300818084519,0.1941438668882265,-0.4152890802877747
2014-01-09,EFX,68.85,69.05,68.18,68.76,313662,-0.0148819791882721,-0.006767204520147,0.1104734302575033,0.692611346510183,0.1326643321598411,-0.1272417928280587,-0.6621341664589502,-0.8107466174824492,0.1244242124730718,-0.7354516805575603,-0.0011139351210056,0.6347904226488594,-0.0243948939768568,-0.1250770543323242,-0.5368365876209565
2014-01-10,EFX,68.96,69.0,68.3,68.8,249416,0.0032215471161749,0.0112291804175376,0.0845483083259045,0.8407637083005821,0.1209768186165914,-0.1329076406996684,-0.7179234804609986,-0.8796942280461371,0.3017348468082784,-0.9879504012261452,-0.0011448518433983,0.6715217103553992,-0.0153368174236585,-0.2016107159600926,-0.7433791099435649
2014-01-13,EFX,68.22,68.72,67.34,67.45,466309,-1.254629046294146,-1.2517902728374617,-0.4467917535434729,-0.3134874338123211,0.0562398411497842,-0.2739887259100826,-0.7610657802937847,-0.6983928096136015,-0.0245689079924907,-0.0853255509547153,-0.0014194312529756,-0.5681592497405519,0.0027714316019329,-0.8790705023873097,0.1137967186155266
2014-01-14,EFX,67.66,68.19,66.97,68.14,439644,0.6038912197210042,0.6053971273099261,-0.2080758137580428,-0.2813873820823105,0.0300481886425994,-0.2876385911752848,-0.8369842217717343,-0.6647185195700366,0.1361096041413781,-0.2147713096663649,-0.0010647606536072,0.0654554631973792,-1.2554073010611602,0.5096701011853956,-0.0991629332403726
2014-01-15,EFX,68.29,69.2,68.29,69.11,547562,0.853271881421749,0.850413199510441,0.1433453180120004,-0.1352425362844379,0.0452483425026379,-0.1920166863422351,-0.825419799869385,-0.7233872207061459,0.0656771511221674,0.3106946718009178,-0.0010344345980622,0.9561891900811392,0.6035978027038367,0.8808801665503657,-0.49394028021471
2014-01-16,EFX,67.95,69.18,67.89,69.12,785187,-0.0239875005110234,-0.0158208144741778,0.1081036311527965,-0.2140884661327419,0.0553539051886893,-0.1286325524562111,-0.8750834722085129,-0.8147719170494485,0.2746516646991682,1.306577937002968,-0.0009648985826078,0.9653720120077808,0.8530435210849335,1.2745751141601205,-0.0359172389267286
2014-01-17,EFX,69.47,71.33,69.12,70.73,1091313,1.4171694715997856,1.400892528573905,0.6559332416314019,0.459139124056215,0.1236042292397188,0.071738369466366,-0.7929207332869019,-0.6338200783595691,0.5948082647280608,2.730509024496326,-0.0008917212675984,0.9854225773154828,-0.024444714131037,1.3439907660043726,1.0127097317078118
2014-01-21,EFX,70.98,71.22,69.5,70.27,841083,-0.4378977431697047,-0.4287754600374338,0.4178200035469579,0.1667431088359308,0.1560940183492837,0.1399881056689477,-0.8158860612153237,-0.6133247643875007,0.533238101109995,1.5060011504714312,-0.0014828474099728,0.6347061765761312,1.4170882169167345,-0.7820472843560673,0.4486117456621195
2014-01-22,EFX,70.5,71.62,70.345,71.45,698329,1.0124640999442105,1.0063137871460617,0.7934227735090017,0.6252387798981036,0.2240037389372773,0.285758188515996,-0.6866640734904174,-0.556870051348715,0.6483219303131339,1.0235411054262955,-0.0010244419730949,1.3213495346949875,-0.438462934794779,0.9917571498893284,-0.104135718978374
2014-01-23,EFX,70.63,70.74,69.79,70.28,430785,-1.052476853035423,-1.0470617771035426,0.3108344494333124,0.4054881072650854,0.2274584548803267,0.2364681824056543,-0.6673492991373315,-0.4589601661498669,0.2538584872887008,-0.1449408138558532,-0.0013675359536242,0.4849425672094565,1.0122772685583743,-0.4007059718678226,-0.4647755743037876
2014-01-24,EFX,69.97,70.42,69.55,69.77,839602,-0.4847831677568127,-0.4757267753700796,0.1025168556051763,0.0917727497795704,0.2060535735576629,0.1330480021038375,-0.6592695400052312,-0.4624294259748981,-0.0035835710299415,1.405308300300012,-0.0014974555390593,0.1203549147157604,-1.053202371754142,-0.242271346225388,-0.5521014891912062
2014-01-27,EFX,69.73,69.95,68.95,69.01,921157,-0.7111687318709521,-0.7029328309991553,-0.1827676051974482,0.0499067237564761,0.1556889467361888,-0.0242300285206769,-0.6584583277423625,-0.4237597910227635,-0.2014490174146849,1.4996525441014767,-0.0015504482049012,-0.4229521752748337,-0.4853605905230659,-0.8064296343988158,-0.3836603834056847
2014-01-28,EFX,68.99,69.34,68.64,68.87,625478,-0.1592983941573548,-0.1505165307307291,-0.2315392896166385,-0.1427472028973753,0.107331439129562,-0.1448861627130565,-0.6562010486172414,-0.4228309773699599,-0.2163612679359992,0.2870424988339394,-0.0014777282930668,-0.5230350602731025,-0.7118052125175577,-0.1577300052574916,-0.7442409675753325
2014-01-29,EFX,68.19,68.92,68.1,68.42,434759,-0.439793151725441,-0.4306728419180411,-0.3848314565479978,-0.2897232121015201,0.0490363322062989,-0.2669902796360334,-0.6438690897637345,-0.4157809995592822,-0.3644270730301971,-0.4220528793613146,-0.0014211803104973,-0.8447300477675391,-0.15979090673558,0.2285142247269895,-0.5925003886839157
2014-01-30,EFX,68.82,70.83,68.56,70.74,742738,2.0780628139594337,2.039891333424408,0.4640953893781411,0.3113422829577864,0.0913924478234068,-0.1055990590275708,-0.5856966247100936,-0.0985258175132797,0.18326565710811,0.6532598669385629,-0.0009168550164537,0.8137863322037628,-0.4403588378114239,2.081492625374735,1.0830293699386295
2014-01-31,EFX,69.56,70.84,69.42,70.06,763572,-0.6314617696424936,-0.6228418542962312,0.1753189209769229,0.1128359559208304,0.0954022681942662,-0.0751887863879251,-0.5856585511169109,-0.0965832278936606,0.1779627102510173,0.6264091570281052,-0.0015425032063495,0.3276694622121782,2.078153968502613,0.5167526351752333,0.097857089100573
2014-02-03,EFX,70.01,70.21,67.8,68.12,793279,-1.7569554028467604,-1.7634688946258792,-0.5450701947496016,-0.0358420321938966,0.020300010933873,-0.2544936942150749,-0.5587135301957429,0.088737938029341,-0.333739774448801,0.6200089674466038,-0.001591885925161,-1.059193372763827,-0.6320774568950638,-2.0659233777834425,1.357170970505996
2014-02-04,EFX,68.32,69.71,67.88,69.36,817078,1.1002976518725112,1.0921634515718264,-0.0959266489474694,0.0784654641580766,0.0077959067505614,-0.2368110520595071,-0.5821740589789972,0.1427955286089736,0.0691946657306459,0.5837178297309354,-0.0008312931552466,-0.1727449627791664,-1.757864700995358,1.1237691717286775,0.6075482498948327
2014-02-05,EFX,69.11,69.44,67.99,68.12,1017788,-1.1460290087125538,-1.1417220545491638,-0.5542030358051884,-0.4017516602677638,-0.0520112540830395,-0.3444221918489772,-0.5582684514014978,0.207411704426943,-0.297824617488044,1.0572647946161793,-0.0016890232528098,-1.059193372763827,1.1001337338885124,-1.1085950533703688,0.182666790885155
2014-02-06,EFX,68.24,70.32,68.045,70.24,611463,1.904570596657425,1.8727840056265457,0.2202915849298184,0.0196040261967246,-0.0174696833036166,-0.1876590926857443,-0.5469392617940518,0.4067509731434134,0.1530034732942674,-0.2039116627081411,-0.0009231892968016,0.4563474572099465,-1.1467789326624027,2.1879796144581243,1.10799920093102
2014-02-07,EFX,70.5,71.23,70.2501,70.95,693793,0.5963206799550104,0.5979439000776119,0.4466837768159472,-0.145545581038238,0.0357391398054698,-0.0141994272081705,-0.5054182940594686,0.4215580532711959,0.300288370897447,-0.0135989044941745,-0.0009175979383127,0.9639106597011714,1.9046164917661017,0.4559288863398953,-0.4402920745124084
2014-02-10,EFX,70.8,71.28,70.585,71.16,620043,0.1512772180434513,0.1582126325327219,0.4804304128072174,-0.0102384696499511,0.0835133680530999,0.1105797515549595,-0.46176955394992,0.4215581844825384,0.3363058535325268,-0.2768842611144279,-0.0009826246895583,1.1140349871985695,0.596025287988453,0.3578450686054192,-0.7773568220436958
2014-02-11,EFX,71.18,71.6,70.75,71.23,680057,0.0282471079446619,0.036098023486979,0.4340315433098103,-0.2367943798999124,0.1210382885218703,0.1840215527805687,-0.514360862601474,0.322654787108243,0.6555794947545422,-0.1346064713121707,-0.0009818932919047,1.1640764296977093,0.1508657262556529,0.0267543856166485,-0.5968029056885064
2014-02-12,EFX,71.37,71.71,71.05,71.38,658686,0.0981103113605671,0.1054709033901838,0.4282435575306224,0.0694656252413886,0.1532180607914247,0.2290166743109436,-0.5272936397544243,0.3106231307857611,0.5308561943937175,-0.2223402798060044,-0.0010117906988658,1.1623212311299658,0.0278035209234488,-0.0157306204692252,-0.8207303555863165
2014-02-13,EFX,70.93,71.93,70.575,71.83,652604,0.35949648811053,0.3643353413959443,0.544814993791748,0.2973550374947016,0.1925154578270503,0.2833334151559389,-0.4753853623388184,0.2835683457657225,0.4105495976737001,-0.2520447511598054,-0.0010314968186604,1.3623900951119474,0.0976849497625365,0.932327276079315,-0.0191832309004936
2014-02-14,EFX,69.74,71.4,68.68,69.8,1452564,-1.7924811623906136,-1.799816674383717,-0.2283811107526268,-0.0197067087805314,0.1404518173280548,0.0916250699629309,-0.4926203838320679,0.4635261169874112,-0.0229912194977186,1.7717829135154324,-0.0016795761852601,-0.2715296436309704,0.3591393151075304,0.0386835510901742,1.65634281773977
2014-02-18,EFX,68.96,69.92,68.6,69.78,1040114,-0.0508350222776499,-0.0425229849150514,-0.2181501509641555,0.0077241940577995,0.0956056721459824,-0.0431638974921205,-0.4992648616509724,0.3541629885642441,-0.3647372641823117,0.6973641575337488,-0.0016139710467322,-0.2876273750471537,-1.7933997282505367,0.8720660453110931,-0.0147986178607456
2014-02-19,EFX,69.49,70.635,69.38,69.96,903349,0.1276007862653536,0.1347310904487275,-0.1449002106298577,0.1506396675140534,0.0647067536041346,-0.1150951501803641,-0.5000695554975825,0.3479472434717484,-0.2322674769746552,0.3272420495958729,-0.0008704676295198,-0.1427477923014823,-0.0512992396911009,0.4846827155926733,-0.0962870453963428
2014-02-20,EFX,68.47,70.11,68.47,69.74,834971,-0.2287760351855947,-0.2197923222041936,-0.1954017123201723,-0.4506616959645662,0.0295244204883649,-0.1836655877068999,-0.5426496129240481,0.2856283888032354,-0.5189674980174522,0.1284549080793861,-0.0015460828912767,-0.3198228378795315,0.1271831179358636,1.3750383075329689,0.3685127660857092
2014-02-21,EFX,68.95,69.47,68.17,68.89,1308072,-0.7918049314054635,-0.7840630783585845,-0.488650155874511,-0.4905921882568835,-0.0331244199281299,-0.3092202546948398,-0.522739453297969,0.261663212124216,-0.4579479774660477,1.1775608541650615,-0.0017763059567616,-1.0039764230674475,-0.229286672604187,-0.0920613965344868,-0.0186265999056127
2014-02-24,EFX,69.04,70.26,68.906,69.83,539587,0.8165112185053288,0.814356782219575,-0.1366910858293642,0.294072859633683,-0.0469348881605389,-0.2839548590171412,-0.5229651773876957,0.2935022992074099,-0.1548469802259807,-0.6904738331003474,-0.0009702029964266,-0.24738304650669,-0.7924624478590244,0.8381954751704712,0.0246509445726174
2014-02-25,EFX,69.86,70.08,69.225,69.52,456906,-0.3093814307727309,-0.300260784949853,-0.2626549799401488,-0.1393675600418187,-0.0709582068571454,-0.2900302437595355,-0.536756813715989,0.2713837647316864,-0.058939922407357,-0.8638979650868656,-0.0014528269638014,-0.4968978834575807,0.816273268304245,-0.3940177669233073,-0.5663464156039051
2014-02-26,EFX,69.75,70.55,69.75,69.84,807896,0.2535772020510772,0.2595683068380339,-0.1606867846947592,0.4016640903720206,-0.0781977825784724,-0.2516894860607592,-0.5612479658940959,0.2731785783106563,0.0393758604045998,0.0187667859896788,-0.000840747591334,-0.2393341807985926,-0.3099130959623606,0.0711696235460128,-0.6366748812885452
2014-02-27,EFX,69.81,70.3,69.75,70.02,529702,0.1274628164807175,0.134594230244393,-0.1231622327348893,-0.2866132656260613,-0.0776521984975277,-0.2009780125892216,-0.6176485847593448,0.2612616496341058,0.1759676458636367,-0.6996771788895977,-0.001012502596772,-0.0944545980529211,0.2531923975665935,0.200955686413677,-0.9366898997486351
2014-02-28,EFX,70.14,70.295,69.74,70.06,631290,0.0025698167018544,0.0105813978691373,-0.0954165551491611,-0.6282381606070311,-0.0764603463857718,-0.1587453510259387,-0.629586714633778,0.0034610396634737,-0.3086538464116466,-0.4305210790310974,-0.0009893672328432,-0.0622591352205435,0.1270451121586364,-0.1124891030764034,-0.9311158355821774
2014-03-03,EFX,69.67,69.892,69.135,69.56,348296,-0.4773154656792918,-0.4682461943432311,-0.2735786049163994,-0.94206701944564,-0.0957855932658384,-0.1777698813862985,-0.625234792967348,-0.0063703296513829,-0.272291034200028,-1.1298997182640995,-0.0013707907468691,-0.4647024206252029,0.0021195311687467,-0.1456031357211348,-0.6843510632317858
2014-03-04,EFX,70.17,70.79,69.97,70.67,643412,0.9604832787341244,0.9554509269116342,0.0945627421277141,-0.4150171679593797,-0.0683247750024478,-0.0725629793994381,-0.7067433994135336,-0.1569371710883308,0.382298465316021,-0.3385754984260047,-0.0009946532807472,0.4086889405441091,-0.4778909403237311,0.5120316403985739,-0.6243010522455377
2014-03-05,EFX,70.68,70.69,69.79,69.89,338145,-0.720151402453018,-0.7119652775324854,-0.20736927783276,-0.7426040382305095,-0.0780556334346732,-0.0841281933840605,-0.7204258378280344,-0.1950138748003182,-0.0552527391488515,-1.118753335507393,-0.0013623782411942,-0.278271079376324,0.960282886955727,-0.8707691580528403,-0.5181120903727818
2014-03-06,EFX,70.19,70.43,69.76,70.39,354128,0.4124041393676645,0.4166011169284113,-0.0628054092796066,-0.7206740786236452,-0.0670132463039648,-0.0399103880961965,-0.8410578884003516,-0.2861978106076518,0.3219309687638276,-1.0294063651765766,-0.0011117354588258,0.1251851697832453,-0.7207902264358101,0.1889613666848559,-0.7980524724087023
2014-03-07,EFX,70.63,71.18,70.14,70.76,787853,0.2942588777392423,0.2998283944754905,0.0656676295168351,0.2585644801945428,-0.0448792908294047,0.0240133621140871,-0.8332794870821104,-0.5687756859222238,-0.0587496469005546,0.1856301814578775,-0.0009644549283574,0.4084924759142376,0.4120607685421576,0.1127423769503273,-0.3664158495698887
2014-03-10,EFX,70.75,71.25,70.27,71.25,621178,0.3981294286032331,0.4025039323809666,0.2430167128552534,0.44889103077789,-0.0096387429691881,0.1088885054580487,-0.8183414787619033,-0.5873073417334815,-0.1053773745824668,-0.2771246306440065,-0.001043312898196,0.8416969847830683,0.293884686005376,0.5076183266045549,-0.4450215546648751
2014-03-11,EFX,71.3,71.81,70.82,71.25,661379,-0.0329960430517004,-0.0247793014886723,0.2413130543748948,0.3860264669103397,0.0164044056258143,0.1531146727542468,-0.81341704231187,-0.5900626794552362,-0.1489020557183423,-0.1682200078080911,-0.0012427088046935,0.8416969847830683,0.3977823338911627,-0.0792981673766631,-0.4333245919871247
2014-03-12,EFX,70.73,72.0,70.72,71.96,603579,0.5873998393902723,0.5891601445626358,0.4924973864185256,0.7322801974134437,0.0625688912521796,0.2402875817288574,-0.7597737384117201,-0.5573129651127228,-0.0169619820252615,-0.3229323979563393,-0.0010619491507882,1.40816145154074,-0.0334556067571959,1.287534654396037,-0.1088850474308407
2014-03-13,EFX,72.0,72.65,71.59,71.67,940191,-0.2838969723817056,-0.2748083126826585,0.3787453536573458,1.0634577143357749,0.0850647328669642,0.2491032266693375,-0.7410413551992211,-0.5514540554562866,-0.1078089844520295,0.5848071922314239,-0.0015070592659594,0.7157140408773384,0.5871021202173102,-0.3725955661734167,-0.3587117773173344
2014-03-14,EFX,71.47,71.8,70.925,71.03,574343,-0.5889489382531827,-0.5801665298840608,0.1550086105124582,0.3776257901204581,0.0751429055476783,0.1727132208431222,-0.7901888961229003,-0.5389486698586321,-0.3310470404085748,-0.4294629790337587,-0.0014211961806278,0.240830964099839,-0.2844219893643244,-0.4914457724945393,-0.5646696426270847
2014-03-17,EFX,71.28,71.96,71.13,71.54,558669,0.4140206981037981,0.418197369167142,0.3124079408325369,0.7351928401800985,0.0846788922169097,0.1616852944298123,-0.7585515433017836,-0.8399975365516664,0.1986347431512056,-0.3693968920021798,-0.0010571591187279,0.6192534159069123,-0.5895535350560617,0.2492651570820272,-0.624411497929362
2014-03-18,EFX,71.66,72.85,71.6,72.81,489885,1.0722277146110697,1.0647404668568756,0.7276786834772343,0.9951540636040324,0.1389203540426881,0.2679340767645617,-0.6322563619145375,-0.7327174802281617,0.4702451058986441,-0.5131213025467269,-0.0010902005940708,1.4144669441805628,0.4136777489948118,1.186138834779522,-0.1605304092571424
2014-03-19,EFX,72.71,72.9,71.13,71.56,460926,-1.101840252270527,-1.0969918487871804,0.2323793244308379,0.347352631850253,0.1295233608029421,0.1891288148052204,-0.6193508757008754,-0.5977218942354902,0.1684075447031511,-0.5526035279251172,-0.0013787271488159,0.5011444477165756,1.072056473938441,-1.2212629534751438,0.4700696268080825
2014-03-20,EFX,71.5,72.0,71.18,72.0,379147,0.3498091064644258,0.3547607065734644,0.3531626547991253,0.456159172851379,0.1361273226448487,0.1672707881676358,-0.6001773434559164,-0.597090543651014,0.3084565448591052,-0.7707792585297809,-0.0011250571027087,0.8103706372461079,-1.1025786485670952,0.5020176111067316,-0.6421641131293727
2014-03-21,EFX,72.52,72.59,71.16,71.22,827849,-0.707458115952968,-0.6992020378725768,0.020249834248005,0.3461332873526209,0.1077256838522245,0.0596805534322324,-0.6807756972213671,-0.610056140000831,0.3292520440123911,0.851848896550878,-0.0014891483387676,0.0446251260277852,0.3494494062851532,-1.380664602545315,0.0820463427767286
2014-03-24,EFX,71.31,71.47,70.17,70.57,558307,-0.601203349623963,-0.5924647632195591,-0.2342098145464402,-0.2229360891072203,0.0572795974050951,-0.0831336631321015,-0.7054425341526227,-0.628807500652817,-0.0118411679060263,-0.0942532570468251,-0.0014251057720259,-0.6143172590265167,-0.7080936286000823,-0.8103345149374542,-0.0560664675442611
2014-03-25,EFX,70.84,70.92,69.83,70.06,648623,-0.4829265960384454,-0.4738669173536203,-0.4329341537604357,-0.1294324886189533,-0.0044158971010454,-0.2263408190732321,-0.7363245913352044,-0.6158034721434952,-0.0533984580571768,0.1842726788628333,-0.0014695180242754,-1.064604797962942,-0.60181114327185,-0.8581967375452626,-0.2946990555760834
2014-03-26,EFX,70.44,70.6,69.17,69.18,487326,-0.814998226876258,-0.8074181755181827,-0.7467386262096156,-0.5945833976744955,-0.0886175871633124,-0.3988371037521088,-0.6896505449584135,-0.5666961619362003,-0.3062673661233047,-0.3230016249070656,-0.0014282819005616,-1.8415715318140389,-0.4835035344752723,-1.3777539344745802,0.1313911720527387
2014-03-27,EFX,69.29,69.29,68.48,68.67,547058,-0.4919668312025415,-0.4829236808787254,-0.9113577536117288,-0.8785763260653581,-0.1750971336805383,-0.5426972947978517,-0.5946785142846908,-0.5546746057793366,-0.4506366447965551,-0.114955214535557,-0.0014659554458066,-1.7384081037758372,-0.8156617938342946,-0.7023463791053085,-0.6082731346849307
2014-03-28,EFX,68.85,69.37,68.06,68.19,796942,-0.4681767332995235,-0.4590929307157724,-1.055857693571641,-1.1997548449648483,-0.2612085896717415,-0.6568379889570004,-0.4670743828295204,-0.5436478873401291,-0.5594816256948398,0.7262526546817968,-0.001596379160192,-1.792016917508387,-0.4925461279925997,-0.7505602430246769,0.0097396810566174
2014-03-31,EFX,68.73,68.83,67.92,68.03,1592329,-0.1790773746219082,-0.1702301577302807,-1.087896746674368,-1.233863131212179,-0.3336000458590695,-0.7128355009736624,-0.3597671090673719,-0.5555164097612842,-0.4905134759213372,2.956305250467925,-0.0020525638474076,-1.8078770886394329,-0.4687498238954676,-0.7957949389286443,-0.4765189321885648
2014-04-01,EFX,68.22,69.8475,68.22,69.73,1085356,1.5227685276903755,1.5034369357149748,-0.4389894384075614,-0.8414730776098859,-0.3220499726483907,-0.5415694589376552,-0.3454649694681092,-0.4270977322776116,-0.3628265541736036,1.2510664025659382,-0.0004632436918736,-0.6731163228458092,-0.1795750470020242,1.6459671722809956,0.3538539051670921
2014-04-02,EFX,69.88,70.19,69.38,69.4,452287,-0.3276346831568307,-0.3184975602568437,-0.5527275445206371,-0.8505489510496141,-0.3238468492965166,-0.4389114444828056,-0.3292894420034517,-0.4572843523978922,-0.270444602653016,-0.6826937926307098,-0.0014963017131384,-0.8933934126763347,1.5227148209494574,-0.5452755788601048,-0.6186135821856686
2014-04-03,EFX,69.64,69.64,68.81,69.13,560982,-0.275210309977013,-0.2661349435809482,-0.6301744142979712,-0.7637527579051633,-0.3337458327173679,-0.3776397162772704,-0.2952679742964367,-0.4732353264586822,-0.4303701503537159,-0.3811068282349401,-0.001588877227989,-1.0736201225376814,-0.3281711101270959,-0.5796107845111182,-0.5907031385779618
2014-04-04,EFX,69.38,69.44,67.69,67.7,553177,-1.320844930986989,-1.3189974886371607,-1.1077084362597354,-1.2503618126309062,-0.3950120862928355,-0.4608408028230324,-0.175919992587593,-0.3707496306684141,-0.8025934212521856,-0.3755237779780113,-0.0016327063357099,-1.8749223984215,-0.2757330608439854,-1.8557630638207137,0.5629819136713525
2014-04-07,EFX,67.59,67.9,66.28,66.72,726648,-0.9342202195451564,-0.9276111172547984,-1.3929234844782288,-1.9193316542370675,-0.4783169511876318,-0.5841286782093797,-0.0084404299911457,-0.3564472229569035,-1.1012323085631497,0.1306469911759438,-0.001838767014683,-1.6603602057217093,-1.321640459690223,-0.9987984725828012,0.4322401273146325
2014-04-08,EFX,66.8,67.15,66.63,66.99,656981,0.2189474540198866,0.2252767915964333,-1.2154709989626549,-1.6229729939835429,-0.5293052745347242,-0.5995767568914964,0.0968251855867781,-0.3438519972884925,-1.0455780156515446,-0.0772274354130772,-0.0005563953088566,-1.5247818046477728,-0.9349148883016049,0.1885762512485334,-0.9444027637647738
2014-04-09,EFX,67.16,67.92,67.1,67.92,517880,0.8313116875600008,0.828876235153428,-0.7924313161390036,-1.4057269059861397,-0.5287145986799001,-0.4791717638040831,0.087564087410385,-0.3091741979808757,-0.992013637512974,-0.4837903463444162,-0.0008089685010721,-1.0577895342819812,0.2185536155692847,0.8286470691864632,-0.5851474476621259
2014-04-10,EFX,67.89,68.13,66.01,66.01,755186,-1.7837741882561269,-1.790906257950768,-1.4102586713582497,-1.583250130088926,-0.5982160159423995,-0.563263610409728,0.1972643952061824,-0.138594999304961,-1.3273188678628227,0.263062275159071,-0.0017897109473914,-1.881302785249608,0.8310775984016209,-2.118485590502312,1.0852799697140634
2014-04-11,EFX,65.67,66.32,64.8,65.04,739414,-0.9478619175195196,-0.9413788015340814,-1.6704295489882526,-1.6270884343265093,-0.6852681465279216,-0.675712321658927,0.3775924229940717,-0.115298439519125,-1.4060019618888429,0.1870349804296536,-0.0019097613048837,-1.7828085174735306,-1.7846904827016217,-0.7511166825904858,0.3563714565442724
2014-04-14,EFX,65.67,65.72,64.75,65.42,622309,0.3307501784959509,0.3359192733906418,-1.4157000699515792,-1.4096463624611006,-0.7325541589541429,-0.6633139870746702,0.4518094936397946,-0.1229393039417592,-1.423860554021562,-0.1752219095391025,-0.0005036695816963,-1.6080265116193655,-0.9485601450265884,-0.3139356507497932,-0.3556064818199832
2014-04-15,EFX,65.53,66.2225,65.0915,66.14,530439,0.6522040027901927,0.6529401385847475,-1.018274201521634,-1.000321247281284,-0.7349170835403906,-0.5377640646408458,0.3381189944082135,-0.1916179352343655,-1.512886718801334,-0.455924749289669,-0.0007452436872759,-1.3143564862256736,0.3303855063570394,0.6769733766272689,-0.1661876464296327
2014-04-16,EFX,66.61,67.54,66.33,67.5,593430,1.2471813231119968,1.235464035996512,-0.420171224573982,-0.4789238607153552,-0.677156363455919,-0.2825669003167651,0.2319644957560526,-0.0819237759757316,-1.0007272437942347,-0.2845818488595402,-0.0007707637534517,-0.715295230661999,0.6519231892734875,0.9831578342650302,-0.0973618306319092
2014-04-17,EFX,68.34,69.08,67.93,68.61,784712,0.9908027958138133,0.9851234343036794,0.0721097358652012,-0.0901500973855507,-0.5826752489075978,0.0161084943649853,0.0488570035480115,-0.0097871223494081,-0.8589686562014021,0.2153827066492166,-0.0007093410268656,-0.2446521813557279,1.247055723111372,0.2721760156266231,-0.1944140014306088
2014-04-21,EFX,68.52,68.8335,68.03,68.29,395766,-0.323370215906164,-0.3142364616191097,0.0055251539630716,-0.1285759647939456,-0.5161385030178842,0.1831204862346848,-0.0950518145703124,-0.0269494499122531,-0.7716834940647034,-0.8684102402369119,-0.0014683463523048,-0.1301714396325764,0.9906103135786724,-0.279920032858499,-0.610735520016629
2014-04-22,EFX,68.25,68.81,67.94,68.45,327235,0.112871375307833,0.1201184282763117,0.1086000057805718,-0.5275373614655423,-0.4535783227859039,0.3064944681824866,-0.2016690997669272,-0.0365695911188478,-0.6086769635839451,-1.055217787205165,-0.0010396321102658,0.1121286067337361,-0.3239055303920812,0.1950806217768198,-0.5320609694188428
2014-04-23,EFX,69.88,70.41,69.335,70.06,1012168,1.4313639331749073,1.4146862728865144,0.7312875414082677,-0.0324188388083892,-0.338431278686366,0.5405513360731924,-0.2016690997669274,0.0949187679303503,-0.1674769497128712,0.9339169929430896,-0.0006574026426694,1.136031225659737,0.1124498644727778,0.1682930846474794,-0.3125425166977504
2014-04-24,EFX,68.11,69.59,67.2,69.08,1656406,-0.903862111401786,-0.8969836227760644,0.3542290985474208,-0.2002114273835353,-0.2841653924979645,0.5710897779682016,-0.205844202451563,0.1038355832279489,-0.1887064228530016,2.447257700282588,-0.0020337319839549,0.6617548220164701,1.4312863814435732,1.0496668819108683,1.2920671451663248
2014-04-25,EFX,69.07,69.38,68.53,68.89,872956,-0.204232683537079,-0.1953114198659239,0.276419857856166,0.1058973986068363,-0.2474801985513347,0.5502681322987413,-0.1992698802155956,0.0925546819946008,-0.1204252401739909,0.2722230667782734,-0.0018257823664248,0.5501656891341262,-0.9045488605476112,-0.2232084189432618,-0.5630218181596185
2014-04-28,EFX,69.05,69.61,68.57,69.5,784068,0.5182799458310505,0.5210601402719088,0.4864081371776209,0.5220344480305203,-0.1938614094791347,0.5771975981110661,-0.1597485135832771,0.0945734188376409,0.1146667644538113,0.0381123437047858,-0.0005797144160957,0.908425536809024,-0.204736918257996,0.466055691320808,-0.3442088835286286
2014-04-29,EFX,69.86,70.1,69.361,69.93,554099,0.3521975702488635,0.35712150969033,0.6148095926828631,0.5526561338797656,-0.1345898830246266,0.6132912194732877,-0.1014702359087489,0.0971742198372715,0.2427015610154398,-0.4649079715076479,-0.0008645189019471,1.160969363858546,0.5179641951443753,0.0493866406889677,-0.710601819873371
2014-04-30,EFX,69.91,70.83,69.63,70.81,506799,0.7504598842863276,0.7495180273169555,0.9326578414635706,0.5431773661190341,-0.054056822725525,0.6968929386699237,-0.030495997840346,-0.008024851761402,0.0599929123236664,-0.5382874739337142,-0.0009382864567083,1.4319439445039328,0.3518384931552941,0.9463140691485994,-0.1789664490579168
2014-05-01,EFX,70.81,70.81,70.12,70.61,426643,-0.2088413685666797,-0.1999076402559967,0.8313870996473379,1.1772869880051309,0.0001966748207029,0.6961311718938977,0.0339752766973919,-0.0124597179912725,0.0885853689786527,-0.774074522397333,-0.0014736511402139,1.3225958676143754,0.7502047030757989,-0.2397095325251838,-0.7769181080389285
2014-05-02,EFX,70.56,71.46,70.445,70.91,491611,0.2315190574945815,0.2377278026873541,0.911310440380364,1.680783812144253,0.0526960645246818,0.6910067150834194,0.1209413513001393,-0.0164352839894086,0.2106809866772071,-0.5731428691097117,-0.0009524452552508,1.1704048556812074,-0.2093468055690678,0.3484442882350296,-0.3983895864772472
2014-05-05,EFX,70.49,70.91,70.13,70.83,257131,-0.1032349797303926,-0.0946724460828839,0.8181852474656354,1.592022301616166,0.0884381589143435,0.6437741599663757,0.1945765505682781,-0.144973764155523,0.511531912804198,-1.257554083756118,-0.0013801524756254,1.130772288915873,0.2311284986358421,0.3380983584170734,-0.6735507771972788
2014-05-06,EFX,70.49,70.9,70.31,70.77,505969,-0.0857347448717599,-0.0772509850465145,0.7149693443477763,1.4565904684290043,0.1114221435797548,0.5731489610684707,0.2156830872283164,-0.2219856429213575,0.724017737776321,-0.4699570233185337,-0.0015272552287541,1.1010478638418704,-0.1037128668777324,0.2737898450161886,-0.8965223306493516
2014-05-07,EFX,70.92,71.12,70.3406,71.07,459373,0.2309210298545194,0.2371355683095937,0.7491189700128511,1.2658744698962212,0.1381551004710244,0.5262985919223913,0.2445099385405457,-0.2218660319952813,0.7270016595546166,-0.592859072974803,-0.0009548535770306,1.2496699892118766,-0.0862080666804022,0.1334799490617853,-0.6773536485103423
2014-05-08,EFX,70.98,71.49,70.53,70.87,386040,-0.2081980621837524,-0.1992660532691085,0.6149660131909446,0.8646295819258731,0.1480670705815409,0.4455213661986847,0.2780796245165858,-0.2493089343123696,0.4704105808982074,-0.8118516237928288,-0.0014618790931853,1.137093506908863,0.2305303149865178,-0.143401594073133,-0.4623945233605184
2014-05-09,EFX,70.8,71.23,70.595,71.23,381325,0.2832575691888523,0.2889436756976031,0.6497412812537474,1.173027876072464,0.1664752426202349,0.4027686631240011,0.2152337644167355,-0.5518780584091789,0.99391963392199,-0.7898662970705025,-0.0010076525061592,1.314646229977008,-0.2087033313648769,0.4325431612782082,-0.8483582152767264
2014-05-12,EFX,71.5,71.705,71.32,71.65,372765,0.3341017493026876,0.3392330125766256,0.6798654521861202,1.2352546594754448,0.1936646313809988,0.3911692013415952,0.0351603234778398,-0.6845335704916378,1.3251136455551231,-0.7803112220193119,-0.0010308709350154,1.4165911915085851,0.282880507510665,0.1321836977338073,-1.143504905522244
2014-05-13,EFX,71.74,71.76,70.83,71.09,631489,-0.5195906138710201,-0.5106061799296642,0.3595211612249303,0.3558563009724011,0.1892950495723204,0.3006573849454617,-0.2045684193745715,-0.627317726646942,1.1054172075630444,0.0952844292287583,-0.0015761265950577,1.1088903544892836,0.3337379514980937,-0.710853215955028,-0.5010580517693793
2014-05-14,EFX,71.04,71.26,70.3,71.03,695776,-0.0855418617310494,-0.0770589974395771,0.2437767896841614,1.0465995008079825,0.1797031410263985,0.2148057527072358,-0.4383609872482724,-0.6376179107374189,0.9183595659309882,0.2808693792738792,-0.0016602294526112,0.9959814184298972,-0.5201771169600229,-0.036951655747687,-0.4649375150512765
2014-05-15,EFX,71.0,71.0,69.97,70.39,394909,-0.5939582280311494,-0.5851934377844014,-0.0502542799058182,0.6775995369571952,0.1435628381320964,0.0777893368843185,-0.5816647523142894,-0.7033349221158448,0.4613249481834842,-0.7025270326284037,-0.0015216500415311,0.4441663166016076,-0.0860151332216889,-0.6754234374445507,-0.3718170800459443
2014-05-16,EFX,70.33,70.76,69.95,70.73,392919,0.2677246949724017,0.2735721570789999,0.0369887329275086,0.5613364201707846,0.1251633571157775,0.0138407743384907,-0.6399070471990934,-0.786683463441338,0.2863269415403254,-0.6638295711550161,-0.0009341613912793,0.6920219575512698,-0.5945641316224605,0.4033822130326264,-0.6369043317801061
2014-05-19,EFX,70.47,70.9,70.4,70.64,817550,-0.1122159409008769,-0.1036148848963221,-0.0406000585305272,0.276921908665684,0.1041429937950759,-0.044064181632172,-0.7482470926188731,-0.8000067013180281,0.3379175643902192,0.7264087245941506,-0.0018204722092848,0.6264131114175339,0.2673435811867816,0.155942615844424,-1.001425404169559
2014-05-20,EFX,70.57,70.64,69.27,69.46,667684,-1.0729802481525317,-1.067795654603461,-0.4988862607650492,-1.019398778481078,0.0389000056577441,-0.2042164214112365,-0.8354715965903097,-0.6700991246783933,0.0492274332458395,0.1557251468010244,-0.0018386193796617,-0.2337917601136424,-0.112696170938464,-1.2146753651966935,0.052456364046793
2014-05-21,EFX,69.46,69.78,69.39,69.39,813769,-0.0957380906316056,-0.087208702564238,-0.5126652538371798,-0.960368698989104,-0.0170599103030215,-0.3084437452565231,-0.8056762234090944,-0.9004533348003673,-0.3079278229256623,0.6811367690883683,-0.0021675921978316,-0.2848208626620968,-1.073711115653362,-0.1024556951280265,-1.1229143994504256
2014-05-22,EFX,69.47,69.85,69.16,69.45,889682,0.0208371065363481,0.0287354666591619,-0.4971045624336599,-1.1622394436414625,-0.0600511168478582,-0.3584443695474941,-0.8320815534454002,-0.9961177793616884,-0.0888141917252319,1.137499551101638,0.0002738602697254,-0.9344770841823954,-0.0962140220430259,-0.0480674606460052,-0.7633153619584089
2014-05-23,EFX,69.51,69.68,69.39,69.53,476307,0.0387194789049103,0.0465018494465801,-0.4790628271859288,-1.0555821114328474,-0.0916135826766078,-0.3690274871184367,-0.8837627746168388,-1.000977453911327,-0.0310363677454161,-0.278881160088973,-0.0007176873814719,-0.8809221344832102,0.0203915864458676,-0.0045781577714568,-1.243720716688469
2014-05-27,EFX,69.71,70.44,69.66,70.36,435344,0.7101964080315714,0.7099603776073088,-0.1860200936197357,-0.4217519055283572,-0.0846818707215187,-0.2784106302220501,-0.9183294805210728,-0.9695896835916592,0.0142558932478885,-0.3774053814952332,-0.0008391786810704,-0.3470651525838428,0.0382786238424844,0.6781542618595895,-0.667420115367451
2014-05-28,EFX,70.41,70.9,70.29,70.34,402650,-0.0506930406351479,-0.0423817416619872,-0.2010656061561301,-0.627052066393024,-0.0807409598435704,-0.2136154151920113,-0.9304446546846662,-0.9860379449016776,-0.0813696237795159,-0.4801447771965457,-0.001568555580792,-0.3726357797949338,0.7099307231673644,-0.101428395212393,-0.8685783179233766
2014-05-29,EFX,70.37,70.68,69.96,70.37,579732,-0.0064429989095712,0.0016224825341211,-0.1817425327849122,-0.4997939035103031,-0.077242823182887,-0.1629189363810325,-0.9316228251351146,-1.0719844898261566,-0.2587364015991837,0.192051555246541,-0.0007111466107154,-0.3342798389782884,-0.0511572210094225,-0.0263165508545973,-0.7386108299127393
2014-05-30,EFX,70.19,70.86,70.19,70.79,432175,0.3385880943563237,0.3436684394192043,-0.0288276639555202,-0.4590787607786071,-0.0589576722162602,-0.084300233061513,-0.9296433817364328,-1.0555607660663102,-0.130037792181341,-0.3780198427678441,-0.000910141211976,0.2027033324547304,-0.0068956356428895,0.6195172017637626,-0.8025348649764386
2014-06-02,EFX,71.02,71.61,70.32,70.56,336571,-0.2352753003574404,-0.2262766716146688,-0.1078824134754239,-0.8856475984019817,-0.0545852680664392,-0.057216441209772,-0.9344872500884628,-1.0601348503173789,-0.2399673224588749,-0.7271344787683162,-0.0014739920455945,-0.0913588804728789,0.3382254669180048,-0.5156691441215047,-0.067660231950343
2014-06-03,EFX,70.25,70.46,69.67,70.01,458885,-0.5182840337577397,-0.509296543688609,-0.2973991055112122,-0.8807568321169819,-0.073613274753552,-0.0957816623935777,-0.9290524880388216,-1.0300666736353077,-0.3375033594974129,-0.2828899962784321,-0.0015867112319098,-0.7945511287780159,-0.2357876332588097,-0.2844294111892938,-0.6508971198755318
2014-06-04,EFX,69.93,70.91,69.93,70.76,294981,0.6339590794155747,0.6349902028953216,-0.0179532795946583,-0.3393751013419894,-0.0601788199804512,-0.0430760223708165,-0.929247398030376,-0.9668311151719527,-0.1695522004573004,-0.8888545223151739,-0.0009902887661232,0.1643473916380849,-0.5188701959952738,0.8704084839400547,-0.4370836215418663
2014-06-05,EFX,70.96,71.2,70.46,71.12,190327,0.2837492014294845,0.2894301385605322,0.115152748187392,0.240325763790527,-0.0366376939689291,0.0251028874326319,-0.927103053479921,-0.962857559373311,-0.1571444961330596,-1.2788053984002734,-0.0010934210388183,0.6246186814378125,0.6336735062910478,0.1440369669818742,-0.7241664769712329
2014-06-06,EFX,71.31,71.91,71.05,71.89,262159,0.6410575125431431,0.641974485555979,0.3824978278860965,0.4392870603035619,0.010505413923167,0.1403971103369513,-0.8679280952316069,-0.9144370030729894,0.0438999447235214,-0.9767676988209086,-0.0010475744442363,1.4187028864660365,0.2833722680048727,0.5881840155887135,-0.5943404667335918
2014-06-09,EFX,71.86,72.63,71.74,72.42,387616,0.4259935225936883,0.4300185154044199,0.5569836195636816,0.7029487923588191,0.0662651476733532,0.2548115352872315,-0.7790194040385032,-0.9025695845400906,0.0778830661066594,-0.4669309315852476,-0.00097314566886,1.241703500647381,0.6407737912081327,0.5624532750549962,-0.5671128423993976
2014-06-10,EFX,72.54,72.62,71.95,71.99,410959,-0.4026585137005434,-0.3935101280253698,0.3906875519611406,1.264110909589773,0.0907895125869355,0.2659437735668939,-0.7564427884949941,-0.8960934159949792,-0.0977850189908122,-0.3783483923311702,-0.0015032037250286,0.8297732236732323,0.4256536968712968,-0.5991519773538996,-0.815683174999065
2014-06-11,EFX,71.73,72.02,71.63,71.77,240783,-0.2232553603136436,-0.21428485059728,0.2960849757097493,1.1391248016610556,0.0987327404805997,0.2321700029392491,-0.7279378858013673,-0.922518853046962,-0.0269951143988821,-1.028377060073722,-0.0014111438376586,0.6190181982446026,-0.4032145123622508,0.0158146551459351,-1.1384475554260076
2014-06-12,EFX,71.64,71.66,71.02,71.25,268371,-0.4840783824589822,-0.4750207359606666,0.0987931494978698,0.7349696612070387,0.0819223879503174,0.1414356965492579,-0.7225095269359985,-0.8957337511058985,-0.1219885519367915,-0.8591161083731627,-0.0014425724184312,0.1208699563223879,-0.2237645575372424,-0.4376118637047281,-0.8427182857081913
2014-06-13,EFX,71.28,71.78,70.87,71.68,230912,0.3427366744835819,0.3477696520980575,0.2342259304694499,0.85120229648395,0.0828715522099478,0.1145609419312516,-0.7007014223935897,-0.9251225409069592,0.1016756128479954,-1.0059302862044337,-0.001057396636034,0.5328002332965367,-0.4846556213657832,0.397655307509438,-0.5332856470583717
2014-06-16,EFX,71.57,71.87,71.03,71.3,326296,-0.363047023094395,-0.3538932600338143,0.0825552826127805,0.3020768464726827,0.0662092731389497,0.0477295862780299,-0.6931657885046901,-0.9161679168066602,-0.0491207610312082,-0.5660804170091235,-0.0014881782602947,0.1687688257379833,0.3423751292977898,-0.3113379563782332,-0.6094680537977097
2014-06-17,EFX,71.09,71.92,71.05,71.58,230085,0.2114955488080792,0.2178951862357601,0.1687919016643079,0.4302539525598309,0.0616174462081837,0.0253336377762204,-0.6782864239869542,-0.9123238024524568,0.0279556174904117,-0.9284632617786166,-0.0010528228947982,0.4370024944653325,-0.3635926881878736,0.4944370674972093,-0.5783796752527551
2014-06-18,EFX,71.58,71.59,70.84,71.52,404415,-0.0851821599826117,-0.0767009673343509,0.1080375136323723,0.3824033371470793,0.0533064294140726,-0.0021562517090549,-0.7167309711427828,-1.0757899714528745,0.2680872888097504,-0.0191116292974194,-0.0015550933585375,0.3795238511666129,0.2110997663566391,-0.089645792397324,-0.7173635460044614
2014-06-19,EFX,71.56,72.76,71.415,72.75,474398,1.037716850170494,1.031008350302939,0.4996715711847897,0.6678278896813994,0.0923664318302385,0.097784024676108,-0.7046332654111254,-0.9556042226672838,0.5436746050014106,0.4355882744145217,-0.0008297888542892,1.4336449145888746,-0.0856553376367784,1.2300644488793209,-0.0505203855902311
2014-06-20,EFX,72.83,73.39,72.41,73.25,636359,0.3948942490347474,0.3993085406527781,0.6121903580707411,0.9416563130599818,0.1396931450927122,0.1990146171943879,-0.6727273628789836,-0.947640574873628,0.6361067532344826,1.3948709713782934,-0.0007605539158863,1.3265323983823984,1.0375366065452656,0.4093795876514791,-0.4763199121370652
2014-06-23,EFX,73.22,73.25,72.53,72.78,477931,-0.4324674099367747,-0.4233397951371633,0.3781090914705305,0.9887218992367296,0.1552173710451386,0.1981400363405332,-0.7043487451250448,-0.9098084826533543,0.5190078185110121,0.538111885385896,-0.0015512269947755,0.899245846605777,0.3945463103516905,-0.4803289172928199,-0.7668471378528813
2014-06-24,EFX,72.72,73.32,72.49,72.51,728494,-0.2639615572673598,-0.2549052100233399,0.2388546352307833,0.6104219536862604,0.1534296307404934,0.1528796685305854,-0.7101440010274506,-0.9431403439651505,0.2813019227207843,1.7435175693272391,-0.0017717884273435,0.6565132272064933,-0.4330311849345494,-0.2444941482651892,-0.6373463348784703
2014-06-25,EFX,72.21,72.88,71.84,72.0,528922,-0.4708887354289598,-0.4618091039319912,0.0211173813629135,0.2038632197305795,0.1287610452253507,0.0577764725957537,-0.745104616718087,-0.910219988828082,0.1791206078709382,0.6619043939601472,-0.0017173274490058,0.2007786615893728,-0.2644813736385121,-0.2460350785335648,-0.3875114881659786
2014-06-26,EFX,72.07,72.39,71.47,72.36,179757,0.2782941444411849,0.2840322259099765,0.1162566504462542,0.0347263439517745,0.1202962010371832,0.0234020670823499,-0.7777932639848341,-0.904094383271664,0.2478453970470767,-1.0754894903734338,-0.0010481311766278,0.5224736490838071,-0.4714625335130245,0.2776936849791308,-0.5317109845269675
2014-06-27,EFX,72.21,72.7,71.96,72.67,854435,0.2337257870278889,0.2399131059934135,0.1948933246869078,-0.0656073340442316,0.1226777045761133,0.023820855005473,-0.7819399046336547,-0.9101040684033396,0.222559963615,2.315035432376799,-0.0003784230485113,0.7994887772040172,0.2779157879395134,0.4549716526326873,-0.7426623349755611
2014-06-30,EFX,72.65,73.06,72.3,72.54,361525,-0.1443699920652513,-0.1356416102340615,0.110877766706821,0.0968155630698834,0.1164107806037889,0.0018949818093546,-0.8168765764018431,-0.9155471325821528,0.2446456133017855,-0.2055456990494487,-0.0015215610212129,0.6833211428310306,0.233335803845294,-0.1407101691292245,-0.7181635317683331
2014-07-01,EFX,72.83,73.0,72.29,72.36,722991,-0.1874824884576105,-0.1786094002253742,0.0020946230436754,0.1197797950597239,0.101494084383144,-0.0379100816122155,-0.9323911901815908,-0.9502646971906435,0.3255010729710301,1.5145742623639362,-0.0018626583697022,0.4533102598328346,-0.1448586102264978,-0.5138812772780609,-0.7735791493497403
2014-07-02,EFX,72.39,72.7,72.08,72.3,423194,-0.0846196230671086,-0.0761410488492224,-0.0479040916495672,0.409408953067047,0.0846393479097886,-0.0747426145973315,-0.9925879382384571,-0.992082881934077,0.1521568300814228,0.0068494138557649,-0.0017099656437864,0.20623783894636,-0.1879823535049541,-0.1202474897196693,-0.8766443309851302
2014-07-03,EFX,72.45,72.95,72.39,72.7,406824,0.3114467646859381,0.3168302982621014,0.0687339662221373,0.3957046229388858,0.0843555619191171,-0.0615552997055327,-1.02207370878049,-0.9901355461212704,0.1587990378993053,-0.1223798350167881,-0.0007025901223583,0.5433943361790369,-0.0850926539705849,0.2343866415555822,-0.9493585451691114
2014-07-07,EFX,72.62,72.86,72.0,72.86,454976,0.1040230215944075,0.1113385502936624,0.1091218950592147,0.7452358939675354,0.087720236376575,-0.0416143734054515,-1.00915094767539,-1.0420064939221654,0.0306862584216418,0.057724572293985,-0.0007370677739925,0.7519704326460125,0.3110770568076338,0.2233726317192449,-0.6076135099320511
2014-07-08,EFX,72.82,72.97,72.43,72.69,469460,-0.1782591006245566,-0.1694144629883616,0.0424149793179264,0.49094920559211,0.0810656933838266,-0.051450925605244,-1.0024669229939862,-1.064546456658605,-0.1127217940935402,0.1045390384324197,-0.0016840389320576,0.5303583301498437,0.1035992024628098,-0.1611933988477416,-0.9722007177934104
2014-07-09,EFX,72.76,73.3,72.75,73.14,400015,0.3524230912770992,0.3573444143211435,0.1847645858501854,0.7289283780825913,0.0907595940448034,-0.0172395548325569,-0.9771942313798356,-1.0698067686127877,0.0671324675130162,-0.2110461058330359,-0.0007955555698552,1.1169786014632297,-0.1787565595390833,0.3682639653765498,-0.9646152220303664
2014-07-10,EFX,72.41,73.66,72.0,73.39,530877,0.1798082962242652,0.1864970343140194,0.2457024472348665,0.2578574410674722,0.1053702059430874,0.0227850718711291,-0.9498411665761386,-1.07568349383389,0.1640293930447092,0.3111962070040419,-0.0007316192473326,1.1246060517994596,0.3520640730158761,0.9962045022770276,0.2937534441209919
2014-07-11,EFX,73.24,73.38,72.8,73.33,469409,-0.0838951062744117,-0.0754199119119054,0.185797198502671,-0.1266334289888751,0.1116052280066685,0.0332461491821094,-0.9719787688843928,-1.116122041786508,0.2612672327172781,-0.0064955428837904,-0.0016243410394475,1.0538787850453613,0.1794042474243098,0.066524255596011,-0.9321435034416878
2014-07-14,EFX,73.71,73.9299,73.55,73.61,219996,0.2047272693661587,0.2111899947352024,0.2517434071050664,0.4922118620319033,0.1244355492027818,0.0585911974624946,-0.9572314306369456,-1.1256596443538076,0.2279616743161042,-1.0880912324211014,-0.0010353345449188,1.0987233834664332,-0.0843679481710217,-0.1288152418876536,-1.161203093333182
2014-07-15,EFX,73.61,73.92,73.16,73.85,466711,0.1699917167589025,0.1767667857942911,0.2916997179076434,0.9200502282207312,0.1407306277353661,0.0877854618264142,-0.9710789289525243,-1.1532750894105983,0.3577783275910294,-0.0459986176221822,-0.0008333613889461,1.356920596640381,0.204329721253383,0.2200144970806346,-0.7336522261293797
2014-07-16,EFX,73.98,74.19,73.56,73.93,284858,0.0344466515980903,0.0422572002744346,0.2775213061338716,1.6278039167135174,0.1533294195076383,0.1016266948266614,-0.9741724116646756,-1.156192858047938,0.3146883390284019,-0.8316397286431259,-0.0010249775757021,1.184882573167507,0.1695851070784518,-0.0773788549641308,-0.8811285606882597
2014-07-17,EFX,73.58,74.04,73.5,73.65,603955,-0.2687900441284249,-0.2597252834911983,0.1378578196235808,1.057194730768518,0.1488821161508832,0.0688233258067118,-1.022794843118615,-1.141735936389342,0.2699160938283096,0.473783836834481,-0.0016707596969766,0.7960109935554356,0.0340046818704037,0.0455592980341422,-0.9802707551609274
2014-07-18,EFX,73.68,73.71,73.22,73.33,619849,-0.3034993967454624,-0.2943852047561007,0.0122166842783562,0.4465086505051789,0.1295740062453652,0.0043291703573036,-1.0187307320736416,-1.308755358290986,-0.0503883075047951,0.5018514917023743,-0.0017621398431008,0.391850766089745,-0.2693111201214105,-0.3852080384518444,-1.0344301162482326
2014-07-21,EFX,73.29,73.29,72.62,73.09,352687,-0.2367588822670102,-0.2277569439204509,-0.0712306014259241,0.322215287287304,0.1019554203906743,-0.0686571760337477,-1.021369854820662,-1.336522767857696,-0.1995567848382562,-0.5525369862361714,-0.0016063122864553,0.0985406304330602,-0.304029527471253,-0.2324887030185246,-0.8273565201118472
2014-07-22,EFX,73.64,74.7,73.42,74.56,491452,1.2191494641710443,1.2081415828997806,0.4249181109628241,1.264394220604939,0.1346717175471259,0.0282546970822942,-0.9349240042150152,-1.1026963157414005,0.1917159349071611,0.031433407007497,-0.0006596567779384,1.2987965802913533,-0.237271602194837,0.9175677830350356,-0.1605795352138048
2014-07-23,EFX,74.57,74.625,74.23,74.41,415460,-0.1582469232124708,-0.1494687097276869,0.3362935614576489,1.177365322163283,0.1512565431963178,0.0642620656125169,-0.8904822428419606,-1.1110938553025762,0.2173588534156168,-0.2301861534497741,-0.0016500316264902,1.1444228246825634,1.2190165514153952,-0.1884231034317055,-1.1489150899856422
2014-07-24,EFX,74.1,76.69,73.83,76.61,648261,1.8077200232952024,1.7793012087167523,1.0393830560841173,1.6252541327383252,0.2464455139665954,0.2953936768382542,-0.6444410088272875,-0.7826209099428046,0.7728701791697616,0.7502785885796531,-0.0004978186484078,1.3919334412742284,-0.1587391614903204,2.532859977523003,1.5199521369291884
2014-07-25,EFX,76.49,77.0,76.33,76.78,497137,0.1051565006731146,0.1124633271228835,1.017712592264242,1.6270342638425506,0.3231526737202461,0.4327271024193122,-0.4583601400875809,-0.7838872195615699,0.7296284796827183,0.0286548087630077,-0.00079234678395,1.2977755898442067,1.8077406527046451,0.2601263527476616,-0.8640723265852343
2014-07-28,EFX,76.71,77.08,76.39,76.95,504240,0.1048506146033966,0.1121597914967138,0.9987670168670012,1.78454668408932,0.38450562644088,0.5030723782979399,-0.3044658316736341,-0.7844121356982172,0.6975076648254145,0.1370704106802844,-0.0008496896436709,1.3578111144236915,0.1047329772356,0.2100597812861079,-0.8440179482279438
2014-07-29,EFX,76.9,77.25,76.6,76.9,638685,-0.0734496086778037,-0.0650240756664363,0.9004498960467091,1.6698169504314904,0.4245701815017438,0.5045526298961692,-0.2045942784399562,-0.7884121990228654,0.7152547279817018,0.6390750650057316,-0.0016787664217645,1.2212666496967235,0.1044270113684666,-0.0263165508545973,-0.8868823053893706
2014-07-30,EFX,77.19,77.74,76.74,77.19,820078,0.2017871932888389,0.2082770972219413,0.91427182294776,1.677067620862114,0.46072764172398,0.4956800363192593,-0.1256520278591896,-0.8015758564403042,0.8128441416854767,1.3667397555461214,-0.0005784344954964,1.124359615329931,-0.0739197256261614,-0.0263165508545973,-0.5116392348357571
2014-07-31,EFX,76.82,76.97,76.03,76.09,753139,-0.9202073560253514,-0.9134720262898326,0.457079757763657,0.9661348909221292,0.4393310216371574,0.340438749513563,-0.1455057873769739,-0.6869386586901463,0.602398882576346,0.9854566068369937,-0.0017349435134093,0.4873213416040201,0.2013888781896086,-0.7442650430069323,-0.5617482953727932
2014-08-01,EFX,75.76,75.98,75.3,75.89,373074,-0.1966391958932804,-0.1877392136722944,0.329390290021064,0.7762115962621453,0.4081024294865825,0.1909383932305234,-0.1686943609123422,-0.6809971862093906,0.4769534899502092,-0.5383892115531661,-0.0015391128815761,0.3714962009265792,-0.9208983692041114,0.103326163913892,-0.8445616863357484
2014-08-04,EFX,75.76,75.98,75.3,75.89,373074,-0.0329960430517004,-0.0247793014886723,0.2752968231005693,0.7054542420206069,0.3773080333727838,0.072455721328236,-0.1971924292797073,-0.6792427544342764,0.443286775795935,-0.5259721741128096,-0.0012427088046935,0.3714962009265792,-0.1971414496783259,0.103326163913892,-0.8445616863357484
2014-08-05,EFX,75.64,75.97,75.1,75.44,396775,-0.4021634811115276,-0.3930148717880767,0.0687125581809473,0.4385231403245443,0.3296965426419909,-0.0656173282379236,-0.258835167090924,-0.662380957472762,0.3881429591526706,-0.417615506100936,-0.0015956362262461,0.1108896344023403,-0.0334556067571959,-0.2260833016755152,-0.6302084755744409
2014-08-06,EFX,74.97,75.26,74.24,74.28,925467,-0.9903041488092664,-0.9842325923041564,-0.3575406467647237,0.0439117924893648,0.2418277819765196,-0.2796972876893004,-0.3003967120900124,-0.5683425638381199,0.0614356350684829,1.5578376965958411,-0.0021858383819687,-0.5608961815268035,-0.4027193506326005,-0.7216711161570406,-0.4469017611049905
2014-08-07,EFX,74.45,74.83,74.11,74.41,535113,0.0759639041052104,0.0834883402757901,-0.3297375622038695,0.2200217598629596,0.1736099805665327,-0.4003800244104879,-0.3344988290210567,-0.5704722730663476,0.0366418744962461,0.0376683411135436,-0.0004166686402207,-0.7191377555578015,-0.9910134483483668,-0.0669085106453196,-0.7849078436390182
2014-08-08,EFX,74.46,75.65,74.11,75.61,295974,0.971030902228427,0.9657750802458815,0.0499881210295082,0.6605453468242946,0.1631962733312598,-0.3481394704569648,-0.3785053798882927,-0.4947964227424256,0.2891619825360896,-0.87317042461713,-0.0008906181520922,0.0599672922802864,0.0755327651075693,1.1405455621529368,0.1061357376410891
2014-08-11,EFX,75.73,76.33,75.62,76.04,272277,0.3210702990245941,0.3263476618636648,0.15731788727087,0.3773314435867648,0.1682308561510241,-0.2665833946288506,-0.4082447798160334,-0.4908989439428266,0.3173527654014806,-0.9724155808955038,-0.0009552739454433,0.3391466010889382,0.9708332620401708,0.2829539284765248,-0.8131543817492863
2014-08-12,EFX,76.04,76.49,75.99,76.18,338760,0.0816294862723483,0.089112750135426,0.1650733066998069,0.4891808297980203,0.1740283573040934,-0.1993747953097776,-0.4318838369360214,-0.4917600552517016,0.2958901508657798,-0.6938803229107562,-0.0009186521640393,0.4300421900033821,0.3207031016665245,0.1127845791094458,-1.0443242969333435
2014-08-13,EFX,76.44,76.92,76.19,76.84,230562,0.506388372136826,0.50933647580105,0.3433579509510682,-0.0788003889418075,0.2005892274241845,-0.0921633615668135,-0.4386586329644465,-0.4762738895979655,0.4106085243622083,-1.1202260258619536,-0.0010452144538101,0.8585499663143271,0.081199825272101,0.3690355431300762,-0.7995640437832295
2014-08-14,EFX,76.95,77.31,76.81,77.3,286316,0.3397095432229711,0.344777110655604,0.4384638206505086,0.0489174980380715,0.2353335796742322,0.01466992755457,-0.4561679858741201,-0.4835813276638448,0.560369699872229,-0.8594744899611296,-0.0010137499294799,1.157206901318923,0.5060695192596945,0.3173237975036104,-1.0522497762628205
2014-08-15,EFX,77.5,78.14,77.0,77.25,520642,-0.0732664424686339,-0.0648417958612341,0.3519413459814171,-0.0491301099152137,0.2562509069791233,0.064546034669758,-0.5262727160737287,-0.4960574352485942,0.6176215653818338,0.1322524508610411,-0.0016273213751545,0.9069146999603092,0.3393472083403778,-0.2700319868561137,-0.361439374754006
2014-08-18,EFX,77.56,78.19,77.5,77.96,301030,0.5392137514336045,0.5416929682409144,0.5112568021752031,0.258457613965444,0.295666142291547,0.1520602171389284,-0.6171580971938289,-0.4961503320668999,0.8110905171679328,-0.7790495419156185,-0.0009845532013559,1.2825932692554043,-0.0737365116338738,0.3633264876212584,-0.8536995671138398
2014-08-19,EFX,77.93,78.36,77.92,78.23,262125,0.1826231222204494,0.1892868235282785,0.539487933657357,0.2512766947095314,0.332005725448933,0.214154887413366,-0.5945518695674342,-0.5994594056186988,0.5554259034565162,-0.9156500667445594,-0.0010370476260727,1.347482814032288,0.5389034618115137,0.2645282527915055,-1.122578173004473
2014-08-20,EFX,78.14,78.74,77.88,78.57,515578,0.2375872721664441,0.243736912506658,0.5829692576992008,0.9895722336674,0.3682449826518444,0.263572386353171,-0.5854413925935531,-0.6061057277285252,0.6535961049343046,0.1521675282132294,-0.0008660989210055,1.327784890407707,0.1822198077325847,0.3894406492861956,-0.679103726435
2014-08-21,EFX,78.4,78.66,77.915,78.47,265903,-0.1122349860306692,-0.1036338497075485,0.5160003903358802,1.0571947307685248,0.3868735152577742,0.2577766835542329,-0.5211161588728488,-0.9163843070375204,0.1890950657435074,-0.8638993316987209,-0.001413732562895,1.2490279929899788,0.2371982963410461,0.04114040018153,-0.8000795997243176
2014-08-22,EFX,78.46,78.73,78.13,78.19,278856,-0.2551478271679507,-0.246107804877863,0.3954560983543576,0.8731937041736274,0.3844888966482012,0.1990526318196912,-0.4817008191604298,-0.9066686490768564,0.1022291563155228,-0.7760006997299963,-0.0014338420516145,1.0479975760388118,-0.1127152210366162,-0.2863086741445109,-0.9517981847503132
2014-08-25,EFX,78.45,78.91,78.14,78.78,362307,0.4367857976460998,0.4406721343244333,0.5652514927108586,1.320365369136207,0.3995173640408076,0.1968943740420921,-0.4156394184821843,-0.8875209850675181,0.1817938185595513,-0.3697273379307947,-0.0009760090981676,1.352848835553822,-0.2556653442749263,0.2914921056521583,-0.7767458126617097
2014-08-26,EFX,78.98,79.13,78.46,78.52,296564,-0.2384681140041068,-0.2294624065438672,0.4480830669674901,2.0339221151812903,0.3949462347388797,0.1447187433277975,-0.3723195712195273,-0.8798535729723747,0.141914600608473,-0.6177756939955423,-0.0014418746264859,1.038944342264615,0.4364487873368345,-0.4663497386719794,-0.8801881917491104
2014-08-27,EFX,78.4,78.4,77.77,78.06,272915,-0.3977272866755626,-0.3885768499530139,0.2759214863395859,1.6184695746546534,0.3672899620420187,0.043557477059666,-0.3535872685872348,-0.8632869387156299,-0.0019464654408636,-0.6401025167495394,-0.0014401625698042,0.7343380659252668,-0.2389812798243376,-0.3539645987443943,-0.918703589375328
2014-08-28,EFX,77.9,78.6,77.64,78.45,238246,0.2780548745046121,0.2837954516671342,0.3680039746662411,1.4389855607052011,0.354933273043122,0.0020093291072738,-0.3338732780182636,-0.9686420573199316,0.2880396341126459,-0.7325044701350674,-0.0010571349743721,0.9925912132564572,-0.3982819989133023,0.5071042686352397,-0.5714739963091834
2014-08-29,EFX,78.72,79.37,78.415,78.76,275201,0.2130204212511593,0.2194057449394894,0.4237289068626211,1.4074692590083058,0.3515916836732912,-0.0080244780008961,-0.3166684494828605,-0.9757168639585948,0.3879374279078593,-0.5085669534931101,-0.0010417851756403,1.0573748096377686,0.2776764555838754,0.0120735838814198,-0.5807789450729519
2014-09-02,EFX,78.93,79.31,78.2601,78.7,536324,-0.0804247156001353,-0.0719658269981523,0.3546676170636397,1.3140350653336217,0.3409556480170556,-0.0348273028575512,-0.3137664937919019,-0.9739693035432664,0.376325977504637,0.88257566896917,-0.0016078429603444,1.0194563890585755,0.2126250365977618,-0.2464725192684883,-0.4795123602735636
2014-09-03,EFX,78.91,79.21,78.71,78.87,266764,0.1014876465894472,0.1088225665794373,0.3531087685267718,1.1551008180642082,0.3336744393846964,-0.0476342957354742,-0.3390938767516995,-1.0070656699408158,0.5002704634354298,-0.562446050037502,-0.0010335790631039,1.1268919140329534,-0.0808966521655329,-0.0646142495799579,-1.0629806798977766
2014-09-04,EFX,78.87,79.32,78.64,78.93,221081,0.0143664807205154,0.0223055546911412,0.2934311529985948,0.9968473171297878,0.3248248485565553,-0.0619168788106593,-0.4823029622283638,-1.198547221576953,0.7519152858859888,-0.6845901757019958,-0.0010815372416493,1.1648103346121468,0.101063166046976,0.0311591320365953,-0.8733233374275434
2014-09-05,EFX,78.99,79.94,78.83,79.86,361708,0.7005650221158884,0.7004940847616429,0.5132820029302574,1.3708721963132136,0.348696524269927,0.0108810315230324,-0.6202047156077086,-1.1528725403663564,0.9082077012071073,0.2405387910446838,-0.0009934909671078,1.397263911198822,0.0139192726184925,0.8058147707001475,-0.4329423095855718
2014-09-08,EFX,79.69,79.8,78.8,78.81,412228,-0.8515652813876301,-0.8442582333259564,0.1055681388528047,0.2862359389336412,0.3208963540957383,-0.0638830820136479,-0.7305605499332042,-1.104747452899179,0.4540937216095669,0.5131926450927282,-0.0015033314178897,0.573359044482236,0.7002968246831824,-0.8606191100365939,-0.5338329812238031
2014-09-09,EFX,78.75,78.75,77.96,78.11,384544,-0.5859795000876725,-0.5771868405990862,-0.1642543688969716,-0.251020946232842,0.2665468516931638,-0.1920318969623179,-0.8378126605105147,-1.0488992055851871,0.2323278570068127,0.3010326182102817,-0.0015110260221817,-0.0971850993311023,-0.8522383877027304,-0.6403247096190529,-0.7484192923935973
2014-09-10,EFX,78.25,78.78,78.15,78.6,377978,0.3575613551598371,0.3624228488732774,-0.0406006291975269,-0.1738814985082723,0.2383154466009436,-0.2273234160573982,-0.9598403487178432,-1.036233420146536,0.2990687293942919,0.2474273632996969,-0.0009507457815927,0.2550378828134317,-0.586583322244321,0.3116147565724197,-0.9233246449244854
2014-09-11,EFX,78.37,78.71,78.26,78.42,316565,-0.175571701445384,-0.1667356102725888,-0.1273374117405709,-0.2138345317763006,0.2048008843633188,-0.2691553868782164,-1.0409913647194582,-1.0591068218074426,0.1345109242977717,-0.1493594259935851,-0.0014639586250091,-0.1714202691849365,0.3572036773329072,0.0218854302354024,-1.113086373677599
2014-09-12,EFX,78.73,78.774,77.83,78.06,365056,-0.318801877016102,-0.3096720566917331,-0.2604331654601136,-0.2527239235596555,0.1605257447807041,-0.3303185043816761,-1.0861807725619754,-1.0582230892595963,-0.0230813787692897,0.1157086290067587,-0.0015199515733291,-0.6827883533825827,-0.1760684592900355,-0.6692696317324719,-0.5834610868031626
2014-09-15,EFX,78.5,78.64,77.82,78.12,436237,0.0148579442646617,0.0227939493286044,-0.2548404763857015,-0.5438507415249848,0.1246655094143847,-0.3575891797910382,-1.1479192368934312,-1.0589924642169877,-0.0020750328072883,0.5691556306824926,-0.000874638282089,-1.0366337060633934,-0.3193359997457665,-0.3920449376186519,-0.716522252886159
2014-09-16,EFX,78.13,78.13,77.58,77.93,465061,-0.1844172812074822,-0.1755534964627618,-0.3178475794096801,-0.5103186797212265,0.0860800280470672,-0.3864204564110355,-1.1462807130303565,-1.1005828579260817,-0.1731285208461444,0.6757085832367521,-0.0015891524142365,-1.388309760628887,0.014410864372206,-0.2197167432530762,-1.0031361325077968
2014-09-17,EFX,78.03,78.1752,77.55,77.76,390675,-0.1688085205925503,-0.1599944505023864,-0.3668878576520554,-0.361632427995428,0.0465772456853728,-0.4118465946755758,-1.1241326305280694,-1.1058651772476256,-0.2557126428436396,0.1989346015508411,-0.001575250936364,-1.5892198886542317,-0.1849163466250273,-0.2877414130015487,-0.921253101094291
2014-09-18,EFX,78.04,78.1885,77.65,77.78,343360,-0.0169831733247055,-0.0088563020714565,-0.3471088251362804,-0.6045900025044105,0.0141983096938774,-0.4138508473645904,-1.103336090078022,-1.1191326915711086,-0.3151462143111774,-0.0232977701138133,-0.0009106533801258,-1.5614024699308688,-0.1693035141059505,-0.2780267525681109,-1.0143239920439386
2014-09-19,EFX,78.27,78.35,76.56,76.77,1120358,-0.8414380316550002,-0.8340531804152002,-0.6571124042030713,-1.264835969165086,-0.052304621759409,-0.5032888264029992,-1.0026243129248955,-1.0334683849828397,-0.4856512096998575,3.820263036769308,-0.0022103992670545,-1.6747707962369145,-0.0174385597049014,-1.474223510618301,0.3518848791475402
2014-09-22,EFX,76.6,76.684,75.48,75.87,781916,-0.7628675260362007,-0.7549361461540232,-0.9208379393095268,-1.5146410345199453,-0.1405052244644616,-0.6306886419187098,-0.8327852261963915,-0.9784461585059526,-0.603246164223036,1.7983654055201623,-0.0022796312292395,-1.5906232337692097,-0.842108496044122,-0.7463270360653332,-0.2687669663993723
2014-09-23,EFX,75.57,75.88,75.24,75.26,403656,-0.53355493159965,-0.5246048909862032,-1.0685213659206416,-1.7694572272333304,-0.2334172234217885,-0.7447355471797588,-0.654694130566348,-1.004859528103749,-0.8236924143556537,-0.0704515746878738,-0.0020973124802938,-1.8671573318987813,-0.7635174935021277,-0.3362418307241861,-0.882605456869716
2014-09-24,EFX,75.11,75.8,74.9,75.45,549544,0.1241794435910058,0.1313371736238775,-0.9547034007629734,-1.683670971184701,-0.2978359544081822,-0.7626318901320611,-0.5384762382723391,-0.9942662408448784,-0.7416963463163498,0.5631109366517408,0.000438447347113,-1.5185448793779086,-0.5341450776020551,0.3156832754609408,-0.597198341470376
2014-09-25,EFX,75.3,75.47,73.9225,74.25,738220,-1.0231835181782014,-1.0174511913532018,-1.2975686487394404,-2.507273668822103,-0.3932776986453288,-0.8568016665521039,-0.3366904315250876,-0.9075358658775444,-0.8843069992244926,1.2769033522686426,-0.0026491152012328,-1.7003855515956954,0.1237608827256021,-1.0798274993073642,0.1456455227766758
2014-09-26,EFX,74.27,74.63,73.81,74.6,918607,0.2604761875813263,0.2663976410856025,-1.1168825266391034,-2.1181329758113283,-0.4516315106709935,-0.8366737886302671,-0.2169339363768574,-0.9095107186195044,-0.8882317699246104,1.7975215480194828,0.0023054034224081,-1.4529009231648533,-1.0239013950568945,0.3093787379962844,-0.6752447490312709
2014-09-29,EFX,74.13,74.47,73.8,74.31,572385,-0.2750179046413436,-0.2659428464384139,-1.1426623098544384,-2.048850664081637,-0.5051633905565416,-0.8081599159718441,-0.1131089428204004,-0.9300449395674372,-0.997278185830382,0.2781610035160235,-0.0022130243967268,-1.605189986536955,0.2600931828558669,0.1571357805751223,-0.8398991146469816
2014-09-30,EFX,74.44,74.99,74.33,74.74,963794,0.3272644350049321,0.3324726878736762,-0.9315820554911576,-2.0972359142068764,-0.5262942174896994,-0.7019490653173138,-0.0621307370457746,-0.8972290033788903,-0.9064697844349598,1.7053686359357534,0.0012694476571809,-1.3723889993870777,-0.2755406053149596,0.2781640449022645,-0.8553730408877839
2014-10-01,EFX,74.64,74.777,73.11,73.4,496717,-1.1492091852525854,-1.144942444940948,-1.2986874484749056,-2.2663750214177014,-0.5906644228764796,-0.7282778005840495,0.0485490053967904,-0.8096657277010781,-1.186057219337853,-0.1536173863912248,-0.0019222777805438,-1.740158913235209,0.326898853529673,-1.2814641071110615,0.3014446599267257
2014-10-02,EFX,73.31,73.69,72.96,73.36,465706,-0.0669241288819958,-0.0585305058636016,-1.2212288650021512,-2.22547972409614,-0.6375987972867783,-0.7044612600150966,0.1219359565718156,-0.8138517251151547,-1.203889984264455,-0.3115638279721624,-0.0020864543286671,-1.6908052759405798,-1.149959938824616,0.0252124255200211,-0.7620050976342911
2014-10-03,EFX,73.72,74.47,73.51,74.04,538339,0.544095907589436,0.5465039421830735,-0.8913511187151159,-1.809119038347448,-0.6423246197187601,-0.576763941371729,0.0626356969272159,-0.8453487693181927,-1.237796486361273,-0.0733739544941879,0.0001586826254071,-1.3564320161797347,-0.067392543508889,0.301634768344412,-0.5107292899016168
2014-10-06,EFX,74.16,74.53,73.95,74.17,360829,0.07631709680264,0.0838389812221438,-0.7687759140305475,-1.6942218710026669,-0.6353261316102554,-0.444427912955318,0.0338707455490567,-0.8768033143626227,-1.032158966780499,-0.7170579616772993,-0.0006185690698235,-1.190192877980632,0.5437868915900483,-0.0161288775589516,-0.9396089413634812
2014-10-07,EFX,73.68,73.81,72.62,72.65,496219,-1.308878704475978,-1.3068467117498614,-1.2030109348892624,-1.9175962217457911,-0.6834184549147408,-0.4803618904321033,0.1038512852009107,-0.7612719689233206,-1.1940876317015905,-0.2374386972553599,-0.0019434472728688,-1.8651135894503743,0.075886049943436,-1.082482928640757,-0.2262086554606344
2014-10-08,EFX,72.93,73.89,72.28,73.82,455443,0.9696454417843012,0.964419071450737,-0.7168873888988776,-1.372335998897244,-0.6694648456050928,-0.3494039099616097,0.050347214198866,-0.6486756776701142,-1.0606284344160193,-0.3974003558310108,-0.0003823076532655,-1.092999802856412,-1.3096711115138515,0.8956783592347666,0.2263242079971189
2014-10-09,EFX,73.83,73.95,72.22,72.3,387650,-1.314927999131879,-1.312989004254612,-1.142829333078746,-1.4590440689269313,-0.711718954703616,-0.3893152251736015,0.060073930026265,-0.5444205357779197,-1.3136346014884863,-0.6513887726892363,-0.0018017295963829,-1.8407268738984643,0.969447440166828,-1.5919975923759204,0.4028626341270631
2014-10-10,EFX,72.43,73.06,71.63,71.66,443864,-0.5841045354319221,-0.5753054770285401,-1.259310176542066,-1.4159330337786402,-0.7632906444043157,-0.4452275694146316,0.0972263584397042,-0.5367309980059385,-1.371600917396436,-0.4605044969178712,-0.0020442468308319,-1.8670766160451455,-1.315721984267373,-0.829504105370167,0.0717716720323994
2014-10-13,EFX,71.81,72.04,70.6,70.71,599137,-0.8583537827063125,-0.8510998294373384,-1.4690092275686366,-1.471877416452858,-0.8336359326276578,-0.5382803642244619,0.1560415619101584,-0.5206292743742339,-1.5605559554847994,0.0632113159363049,-0.0027640142776019,-1.8341208537504243,-0.5847078684609235,-1.1836339673219098,0.1059019136029008
2014-10-14,EFX,71.02,71.8,70.8,71.22,502790,0.4160436843457713,0.4201948855778551,-1.1760704967604738,-1.3462159143105157,-0.8610838103342449,-0.5023054038646161,0.1337664648888681,-0.4749246333656744,-1.4320316432591906,-0.2814726984992633,0.0015827824316522,-1.6153682622542065,-0.85902865995809,0.1864454462179769,-0.4211349181603704
2014-10-15,EFX,70.28,70.72,69.04,70.37,656709,-0.7760363670307945,-0.7681895381672704,-1.3521500706501015,-1.2861185571783993,-0.9075235106914242,-0.5224100601424438,0.1346556015653281,-0.4597248322444066,-1.5632279906148263,0.2062303326336554,-0.0030713971955105,-1.4064197084721088,0.4157012629792667,0.0704344546155585,0.398339926315348
2014-10-16,EFX,69.38,71.95,69.182,71.75,1088302,1.1879232655746703,1.177691426994652,-0.7570593922254895,-0.9223768843076768,-0.8815507095602916,-0.3521052528871436,-0.0124036642948948,-0.2885326482238377,-1.3060716218084354,1.463697585356437,0.0076423162668221,-0.9136838844473364,-0.776689769891725,2.554509779936904,1.6238328684977172
2014-10-17,EFX,72.41,73.1,71.9,72.88,568265,0.9475138158109248,0.9427538849077276,-0.2847691283858556,-0.5318199761911413,-0.8088672367554632,-0.0956289423010518,-0.1496746930671164,-0.213002551169895,-0.9116566765116784,-0.1281828100666817,-0.0001384835184624,-0.2113842735045586,1.187782206747041,0.4640761991166889,-0.219081431459328
2014-10-20,EFX,72.5,73.0,72.46,72.95,559904,0.0268017426906337,0.0346619813113459,-0.2076468331540333,-0.6310760949537445,-0.7416569468494687,0.0954642276049613,-0.2424664229099284,-0.2355541485525586,-0.7327164988568565,-0.1207524079075283,-0.0004644015954627,0.0189237953644505,0.9473100406498784,0.44262556393453,-0.9744073254234904
2014-10-21,EFX,73.68,74.91,73.325,74.74,744797,1.4946514843294485,1.4761498154645691,0.4437155492169721,0.1299253359473498,-0.6125804231526057,0.4075813843040548,-0.2704529555708658,-0.0725210585573485,-0.2689519131667278,0.4423285816898807,-0.0004341429107961,0.9216313513513096,0.0263577786126565,1.0606119544398835,0.1760732348415369
2014-10-22,EFX,74.57,74.788,73.82,73.86,700927,-0.7660315394224317,-0.7581202152893547,0.1568795094974366,-0.0775537379843071,-0.5403862069184941,0.5108610294612455,-0.3454023744301522,-0.0433688317952969,-0.4769748123260103,0.2669674471207495,-0.0018319701636514,0.6105409177788238,1.494590442611191,-0.7456643779155235,-0.4990689337964847
2014-10-23,EFX,74.06,74.55,72.62,72.78,1052471,-0.9433491502608046,-0.9368240182804688,-0.204626723142378,-0.4615665508833117,-0.5213620538610985,0.4566259182723118,-0.3665853089311798,-0.0526583470370178,-0.4582409603790059,1.3393883907766304,-0.0023660146638124,0.2081827525713894,-0.7666823322940101,-1.3320994971873243,0.6187318602991388
2014-10-24,EFX,72.84,73.96,72.455,73.89,983797,0.9165288487238138,0.912409205655822,0.2072806575377199,-0.2454977574182155,-0.4590055352410516,0.5247745923294281,-0.3958123336642869,0.003280414702024,-0.3072551019651712,1.1022919322337452,0.0005212821553141,0.8283241822455365,-0.9440462005087586,1.062774256648057,0.1061722852654421
2014-10-27,EFX,73.75,74.84,73.49,74.8,600870,0.7337493098202255,0.7331034602221489,0.5255104462672453,0.2638163557118224,-0.3711911998192752,0.6448215137762513,-0.3703963218850351,0.0364056083492909,-0.0706338698583881,-0.1267615588205692,-0.0005840015967202,1.3367284173837992,0.9163169904215738,1.049335983633448,-0.0871773762742744
2014-10-28,EFX,75.21,75.76,75.12,75.76,424509,0.7660375932936966,0.7648158781576466,0.8516196293365325,0.2258151769414471,-0.2624866579352321,0.7946300827507177,-0.2982454446658154,0.0658496500157427,0.0329549543372693,-0.6293152121759711,-0.000866605547252,1.442878752192886,0.7334897692720715,0.5261828752624003,-0.8872828488985843
2014-10-29,EFX,75.58,75.97,74.41,74.86,576838,-0.7725978612766322,-0.7647286816883527,0.5014467719443663,0.3841703034759628,-0.2110212113170156,0.767144492065055,-0.2530693783811599,0.0196829778464253,0.1246533268099758,-0.1342128878215557,-0.0016927784680099,0.9104340903514472,0.7657864758867868,-0.7460477669903258,0.1454078710584276
2014-10-30,EFX,78.07,78.79,77.88,78.65,393346,3.118993832978384,3.033152376235613,1.7599248763258628,1.0737553423034911,-0.0225132553349419,1.097901079485022,0.1191075687980722,0.5199600246949139,0.8915722181172961,-0.7340217458843348,-0.0008764019796903,1.3951469147321731,-0.7732503671242651,0.5349750514647772,-0.6270494945177019
2014-10-31,EFX,76.62,76.68,75.37,75.74,569638,-2.336503851327148,-2.359109211753175,0.6879781273182476,0.6221984377420992,0.0105381560989146,0.9623638798784876,0.1728564860086798,0.796178341453042,0.1697344789902437,-0.1516875944709579,-0.0017113355434583,0.4030065789416404,3.119356538315082,-0.8940478343473456,-0.1498593421142359
2014-11-03,EFX,75.81,76.215,75.36,75.95,523974,0.1396232845783781,0.146655739900792,0.7301678981198031,0.5865520424619134,0.0428067311389645,0.8519191127918286,0.2302292500830457,0.7964991105655517,0.1849843977678643,-0.3264345395293059,-0.000724073395421,0.4746043351327123,-2.337564338015804,0.1132065981028732,-0.6531219943519759
2014-11-04,EFX,75.86,76.075,75.46,75.54,376386,-0.3690828814245354,-0.3599283010105859,0.531069090153718,0.6799724040171691,0.049971817125583,0.6989473504458746,0.2546646387049966,0.7185186713873619,0.4167505534943421,-0.7981754775117722,-0.0015566009062967,0.3348182397120546,0.1392087525940419,-0.3450164091639818,-0.9128141230099394
2014-11-05,EFX,75.75,76.6,75.54,76.43,552515,0.7005180339106382,0.7004478984406604,0.7998639975082033,0.6202336654963978,0.0879665472498071,0.6559249138588461,0.3236557194474315,0.7000793592263973,0.3517846899900378,-0.2295158116113792,-0.0007231704260345,0.6382563492837288,-0.3696301211104597,0.6519040948103552,-0.4354778860454484
2014-11-06,EFX,76.69,77.55,76.45,77.54,478297,0.8711832271749342,0.867973802276384,1.0969468398757314,0.6177222861197486,0.1582421379180972,0.7045973439270548,0.4139212898622136,0.6254831749952039,0.8969424068030933,-0.4847681389078313,-0.0008638767839443,1.0167016320079512,0.7002498242199782,0.8110679502068213,-0.4090315965057904
2014-11-07,EFX,77.6,77.77,77.114,77.77,491529,0.1516744318602531,0.1586065007879164,1.0653206198237897,0.6376495990781209,0.2187698623540906,0.7184444481054567,0.4583326900996581,0.595086633159399,1.0847532701735387,-0.4477640171597289,-0.0009001556545236,1.0951182221219755,0.8709595394245471,0.1391963805536505,-0.8883329808465106
2014-11-10,EFX,77.67,78.27,77.57,78.26,302454,0.3592688196756228,0.3641103396740406,1.098817724681509,0.4641169611227543,0.281086449677711,0.7341266337263439,0.432785640550364,0.5340590298172638,1.400666861112623,-1.0378801474456665,-0.0010550831665409,1.2621796532344731,0.1512630436948131,0.5475929797837132,-0.8458779303671146
2014-11-11,EFX,78.25,78.65,77.98,78.23,374945,-0.0568618892688948,-0.0485188057321893,0.960224759775746,0.6676824629876967,0.3238626978971436,0.6963758857482937,0.3930180629466672,0.5388285406321807,1.2780820523029508,-0.7834142483333278,-0.0014605748030208,1.2519514023500342,0.3589115872800765,-0.0456269112789948,-0.8775519990538904
2014-11-12,EFX,78.07,78.79,77.88,78.65,393346,0.3012539345707272,0.3067483240181034,0.956389872497884,1.0145869778480612,0.3683502950014945,0.6705802699354207,0.2496584069803066,0.4812779214708324,1.560597940323495,-0.6919092169695269,-0.00099467988477,1.394441469174365,-0.0573276789291941,0.5349750514647772,-0.6270494945177019
2014-11-13,EFX,78.65,78.96,78.01,78.33,405171,-0.2863027436180744,-0.2772106171936433,0.7272488873335647,0.7743411930308033,0.384880432706791,0.5779817580688633,0.1511913482826839,0.4566537824342559,1.179387103676402,-0.5653253867660002,-0.0014772344224031,1.146244988936688,0.3008815676582934,-0.3337109723593777,-0.5805513179317643
2014-11-14,EFX,78.42,78.59,77.72,78.2,293464,-0.1363222893789715,-0.1276242210143377,0.5878005106294779,0.5936485508633005,0.3867105556952404,0.4660653637495508,0.0918453356097914,0.4362883497004071,0.9045928010770756,-0.9458063858832754,-0.0014282544692455,1.0545039684179027,-0.2868283882014433,-0.2382700414858563,-0.6641301963335962
2014-11-17,EFX,77.92,78.47,77.65,78.13,347453,-0.0887257441373926,-0.0802281736456329,0.4723896808273314,0.3973217993585986,0.3793371450320205,0.3528425111099944,0.0019755362043851,0.4389548257010906,0.8753787940157592,-0.7176301885779228,-0.0014781289229529,1.0187326067544131,-0.1368088081119076,0.1773009399526182,-0.716634220330715
2014-11-18,EFX,77.99,79.0,77.7,78.76,545400,0.4690206422689832,0.4724819246569544,0.6178104158159866,0.7982075382626848,0.3920720094140234,0.3140225828085347,0.0202001346450853,0.3508246457112575,0.6224605544847307,0.0781176091628242,-0.0008389150393016,1.3209836308810174,-0.0891998462169742,0.7196108061599266,-0.2157129676449359
2014-11-19,EFX,78.51,78.88,78.0,78.3,541024,-0.396615865923035,-0.3874650212034547,0.3827011530721276,-0.3130879275256849,0.3780073183820625,0.2139850458758592,-0.0487734883586002,0.3217666321630733,0.7153863032174249,0.0940050846971729,-0.0015923860053514,1.0873513150332597,0.4686920411602089,-0.2284038630912463,-0.6546705638851477
2014-11-20,EFX,77.9,78.19,77.43,78.19,407358,-0.1204594418364222,-0.1118241636514297,0.251411307262214,1.1211178898119902,0.3567236027104998,0.1153733711801156,-0.2538260278325309,0.2574242427020063,0.9242272670255458,-0.3258814193951062,-0.0015439497710123,1.0314827177653187,-0.3971702882211131,0.2549416994218559,-0.7812579947947276
2014-11-21,EFX,78.84,78.94,78.16,78.53,487078,0.2377256956555154,0.2438739809376754,0.2869511525970938,1.15883401592506,0.3475347155059785,0.0676159116898666,-0.3903342282835191,0.2271517130509944,0.754780321434779,0.1227277465031209,-0.0008386575589309,1.1593278769482462,-0.1209418223807954,-0.3233872433932311,-0.7635399918047728
2014-11-24,EFX,78.74,79.77,78.16,79.61,638386,0.8232204410749396,0.8209390388488589,0.5697234839907479,1.7114657373597375,0.3767178288178436,0.1281788128676207,-0.4300006955695127,0.2333550372578182,0.7769388682445859,0.7842010482937818,-0.0007804422985049,1.343649452567739,0.2373367559410678,0.8084567929301283,0.0941274672808929
2014-11-25,EFX,79.44,79.94,79.22,79.67,574963,0.01392623115901,0.0218680509633081,0.5222602124250617,1.5530460338082106,0.3959466282373711,0.1510069012106307,-0.4271209859357063,0.2128321101684731,0.5905009887336873,0.4618701424593739,-0.0008858142806102,1.280576941142351,0.822984241128848,0.1924260295445518,-0.8381493202440108
2014-11-26,EFX,79.93,80.0,79.095,79.35,398118,-0.2830597056542584,-0.2739722743230647,0.3371790825518083,0.9481089115033416,0.392372621508857,0.1105753414015142,-0.5433262581323859,0.1749525225900673,0.7134021223863609,-0.2748467461060261,-0.0014616728215826,0.9772067695770156,0.0134789082077651,-0.5745466946438327,-0.6408074828881082
2014-11-28,EFX,79.31,80.0,79.2801,79.55,172378,0.123924026257892,0.1310837962807576,0.3890452152720903,0.9364610020386138,0.3912056071067765,0.0844256503670139,-0.5107552964848678,-0.4599681978808254,0.0005827396260532,-1.2590404621978055,-0.0011397804638537,1.1204904565357456,-0.2835845042165976,0.2023107147930186,-0.8371179328987862
2014-12-01,EFX,79.43,80.41,79.08,79.4,701506,-0.1503902055254398,-0.141639826067533,0.2761214542156527,0.5885332578038113,0.3783202155570165,0.0333429964886411,-0.5834493047651707,-1.0713899791645798,0.5422242813027924,1.104365793247273,-0.0016466044157561,0.778042444704393,0.1235053987610034,-0.0548517838246866,-0.195312025862479
2014-12-02,EFX,79.43,80.0,79.02,79.99,418188,0.4296266537261366,0.433605173766821,0.404953082389802,0.8736479529226145,0.3851918800032287,0.0433311954094576,-0.6378669499466109,-1.057607352650395,0.6137430641659343,-0.144950306838462,-0.0009609263077887,1.1608269853795825,-0.150880394197808,0.5063411312537033,-0.5702707417225291
2014-12-03,EFX,80.35,81.56,80.01,81.39,719084,1.0566558196562663,1.049522231575406,0.7722720079466255,1.1886810878817582,0.4389791877837549,0.1720818128538858,-0.664043272561602,-0.9867279342612024,0.9698849073468552,1.1005332534011625,-0.0008028385038016,1.349006516085705,0.4292877757895483,0.95157836597041,-0.0041715248963423
2014-12-04,EFX,81.48,82.0,80.77,80.91,516898,-0.4001647124130199,-0.3910152403633353,0.5356741229832851,1.0737553423034845,0.4557653946017369,0.1798421098915565,-0.6938987644156206,-0.979902250174464,0.6933858246187407,0.2250605515767803,-0.0015156414662793,0.7900214772717451,1.0564805166967484,-0.5548452393851385,-0.324369791694103
2014-12-05,EFX,80.82,81.17,80.79,80.94,573530,-0.0099118615542635,-0.0018259804129631,0.4878179718531089,1.174718192187978,0.463213477033726,0.162014176104366,-0.6666490336565204,-1.0547655926709931,0.4765038132785849,0.4479092469279288,-0.0009068429002548,0.7217096098087161,-0.4007200605093141,0.0858613038751322,-1.20005225821563
2014-12-08,EFX,81.02,81.43,80.72,80.99,506146,0.0054633327195912,0.0134573346259255,0.4498323199856761,1.2392678948761322,0.4640386293799597,0.1307045210450721,-0.6449247562596224,-1.0539341044749753,0.440607008742271,0.1516577604607862,-0.0009783023165256,0.7082128106574506,-0.0103654032201725,-0.0542917860411462,-0.8607150571524823
2014-12-09,EFX,80.66,81.41,80.16,81.33,450626,0.2283662578436786,0.234605481302799,0.510360320909098,1.1607895722659274,0.4709485416005554,0.1213188641674448,-0.5965407623725457,-1.0616387766003397,0.4086501525271646,-0.119817627036551,-0.0010277819749884,0.9555260979070044,0.0050138020266759,0.6012522076070326,-0.310418033950164
2014-12-10,EFX,81.24,81.51,80.34,80.61,639619,-0.5841553569454251,-0.5753564712329189,0.2325829661189619,0.9704983777072672,0.4413054090918941,0.019723430778837,-0.6030842331154898,-1.002878297379293,0.279333581459957,0.6129778187355769,-0.0015258489050665,0.4318038425550138,0.2279748765046485,-0.6122055790561705,-0.3816873120156394
2014-12-11,EFX,80.86,81.89,80.68,81.05,535422,0.3068319745562143,0.3122659013532687,0.3374792199277353,1.1701585796125575,0.4284939393323487,-0.0182285057664229,-0.5835821542562655,-1.0025102301549134,0.2806822218575931,0.1480934722428493,-0.0009787655745678,0.7518563319367846,-0.5847587032323869,0.1512105228590946,-0.3471235332898342
2014-12-12,EFX,81.05,81.25,79.61,79.63,705177,-1.1237599326011314,-1.119176074159031,-0.1517436108538806,0.2562078449722502,0.3566484014450701,-0.2005427301146469,-0.6169372979117802,-0.8462676510214902,0.0762676484467419,0.7580063462364907,-0.0015601452118044,-0.2810403383407545,0.3064610628037831,-1.3499875555167518,0.1251021846622905
2014-12-15,EFX,79.96,80.42,79.32,79.86,493875,0.1468274986370196,0.1538002199515602,-0.1033697000798631,-0.0744341798403517,0.3035666232973263,-0.2980965150345682,-0.6628141560489503,-0.8477013658142538,0.144283564359318,-0.1195864712119088,-0.0009916773801236,-0.1137401734366433,-1.1245040471503778,-0.1208035257926486,-0.4433781797432043
2014-12-16,EFX,79.69,80.81,79.4,79.6,551475,-0.2356893782586938,-0.2266898222224761,-0.2129553741204355,-0.2200996757986779,0.2467262217429168,-0.3858141749160067,-0.7198319094037601,-0.8411637927327258,0.1088474812606396,0.063424379695198,-0.0014997662205865,-0.3028620989804216,0.1464148460375885,-0.1116429489527598,-0.115059936012354
2014-12-17,EFX,79.47,79.66,78.34,79.1,1308451,-0.4240641177915144,-0.4149291928609748,-0.3827582031238157,-0.2971560743987332,0.178251071641438,-0.4859359452935942,-0.7333247462930537,-0.8448556052331085,-0.1040764058297383,2.619959751295011,-0.0019148714525284,-0.6665581096415266,-0.2362018191818058,-0.3780739499910547,-0.2005535559436838
2014-12-18,EFX,79.95,81.08,79.68,81.04,725408,1.493939389909652,1.475458583579791,0.208921893769027,0.32447644555422,0.1963741266555701,-0.3431310723828641,-0.7689857039387018,-0.6387415621231741,0.3464584995879344,0.5002331331459038,-0.0007509611738336,0.7445824117235693,-0.4246257005972913,1.0037202949854604,-0.1515755911793414
2014-12-19,EFX,81.32,81.32,80.75,81.06,928038,-0.0176312756532356,-0.0095006874956295,0.1679082675794541,0.391892158338976,0.2074365517879386,-0.2470611138239132,-0.8326020744602042,-0.6416827152029264,0.3715996216854803,1.0702603179687782,-0.0007082923482172,0.6291468133397783,1.4938781624251898,-0.2678741522038537,-1.0052852877205374
2014-12-22,EFX,81.25,81.89,80.99,81.33,421156,0.1743771388458577,0.1811138296883556,0.209884933217348,0.2984393047414962,0.2225678601946068,-0.1597319114729648,-0.8773221462308515,-0.6432213157961821,0.3561743765491082,-0.6230531734050418,-0.0010393439803331,0.8628783276912,-0.0180868311058276,0.0480728991495561,-0.669071675627587
2014-12-23,EFX,81.41,82.42,81.35,81.94,408664,0.4339583756638153,0.437881215479097,0.3704283766466297,0.0326947375562462,0.2539430288722991,-0.048057132886395,-0.8334834377310133,-0.6860617131506944,0.2623642810085612,-0.6382430388426048,-0.001058848756622,1.0517985713172953,0.1739716732036054,0.4655449665885817,-0.5030310094287852
2014-12-24,EFX,82.07,82.44,81.75,82.15,116214,0.1265620222973527,0.1337006729907856,0.3976907824881863,0.3299784449789661,0.2821244636016923,0.0330620737788404,-0.7884917589929116,-0.6858773966805847,0.2896919068891682,-1.6281539795371665,-0.0011936721564971,1.2077537166176917,0.4336206277565065,0.0473296391397799,-0.8913215505900941
2014-12-26,EFX,82.36,82.63,81.9,81.93,146026,-0.1997248105463727,-0.190816068910035,0.2833470815129939,0.2144588807069117,0.2907524618523003,0.0476272302195211,-0.7879830064535938,-0.6910321175779971,0.3100441310346866,-1.509479600925829,-0.0013032548737006,0.9004715083211582,0.1261440829823943,-0.4207709901333925,-0.8487530789754825
2014-12-29,EFX,81.68,82.04,81.49,81.76,228955,-0.1621778613692681,-0.1533860933033407,0.1916845610482127,0.1196801110944982,0.2859078480367991,0.0246010838397338,-0.7976554360823602,-0.6863809929170054,0.2405340425628352,-1.2100686901669366,-0.0013397565411543,0.7687440348094495,-0.2002278692849572,0.0476812798608467,-1.0306894487788958
2014-12-30,EFX,81.54,81.79,81.42,81.56,255374,-0.1852906553280689,-0.1764242043618138,0.0913586901790235,-0.0950004377897673,0.269395764202501,-0.0238517002414717,-0.835058759348244,-0.6848325022397022,0.2320563873099929,-1.074834090743345,-0.0013548771967766,0.6137705365603797,-0.1626711251227316,-0.0077853305552461,-1.2132449630573028
2014-12-31,EFX,81.56,81.82,80.86,80.87,519824,-0.5597008723064696,-0.5508237413014384,-0.1467236209248645,-0.0822968180750955,0.2248661767313559,-0.1347304995571349,-0.856149192327231,-0.6665120339155661,-0.005904708480969,-0.0896441612029359,-0.0014806488523227,0.0791119676010981,-0.1857899485853374,-0.6654868765133046,-0.6019925663583322
2015-01-02,EFX,81.37,81.75,80.61,81.32,429984,0.3134379482226832,0.3187996342893599,0.0003091491428754,-0.0783472849275323,0.2032471452984657,-0.1644621621636049,-0.8574773728255183,-0.7737333637308723,-0.1801082123530469,-0.3827685913042572,-0.0010274348048376,0.4278023386614915,-0.5602978390787591,-0.0727413911891723,-0.4229940969119304
2015-01-05,EFX,80.72,81.13,80.46,80.64,701715,-0.5535994062960794,-0.5447042677522439,-0.2157996914855126,0.2723843546669358,0.1558592898042391,-0.2545760017822692,-0.8552099045010018,-0.759261528075452,-0.2164865699075546,0.620128219188699,-0.0015687370781655,-0.0991075553853324,0.3130687597903936,-0.101194435057242,-0.8988837236849938
2015-01-06,EFX,80.52,80.97,79.62,80.0,634336,-0.5271074517705748,-0.5181411380744235,-0.4082618354078796,-0.1288604953549068,0.0903785025626473,-0.3732379683320597,-0.8352728025735155,-0.7358707604781095,-0.3380397931430668,0.3506166405883905,-0.0015766631752629,-0.5950227497823494,-0.5541947813606509,-0.5142317058899194,-0.1849469001269109
2015-01-07,EFX,80.46,81.48,80.17,81.35,385791,1.017608339736808,1.0113451174894756,0.0238906576315053,0.459589266719454,0.088893756514569,-0.303442833207015,-0.8308836525245705,-0.6242990407498464,-0.102195336839644,-0.5711702007493831,-0.001011821081132,0.4510483633988527,-0.5276959157996005,0.8093917364038963,-0.2492645806315003
2015-01-08,EFX,81.8,83.32,81.54,83.09,656501,1.2986448327630071,1.2855937872906609,0.5590454680920846,1.0902438728306925,0.1527390611507945,-0.0794482992772683,-0.7364805603230896,-0.4792074883071762,0.15034337676296,0.4146566270185999,-0.0008799835398792,1.2893522956443435,1.0174228503442189,1.1651480317493983,0.1940501450450965
2015-01-09,EFX,83.34,83.38,82.7,82.74,530057,-0.2952455691619786,-0.286141373379725,0.4104245989648427,0.4700738395841722,0.1857253880099215,0.0203168502937069,-0.6856231555659381,-0.5032703227325285,0.2205933948357579,-0.0385699318712044,-0.0015017198152857,1.020760461723997,1.2985326582023275,-0.5702458896628848,-0.9063857272304257
2015-01-12,EFX,82.94,82.985,82.36,82.62,465898,-0.1232905136805249,-0.1146437336535001,0.3457367027709633,0.4079434830907975,0.2031071811806597,0.0599631688626178,-0.646471903493674,-0.5070928609606663,0.1170126584770702,-0.2697896855320948,-0.0014938026977124,0.9416132822610866,-0.2957735466870394,-0.317811260902221,-0.960870775269134
2015-01-13,EFX,83.17,84.11,82.42,83.15,474786,0.3663837666099616,0.3711415617451433,0.4589297279750895,0.4846850971992105,0.2333547536276917,0.124796518095487,-0.6330553851886603,-0.6280965604095513,0.4817338289454057,-0.1958120748056399,-0.0009613707004949,0.8898086870378124,-0.1237736327750919,-0.04448458864718,0.1025552591806289
2015-01-14,EFX,82.41,83.03,82.19,82.98,427118,-0.1602824696874022,-0.1514972063309657,0.3528553540044394,0.21849078116026,0.2461026575811849,0.1316193520294734,-0.6361669075662018,-0.6220446474033807,0.4063025957068923,-0.3706302083778729,-0.0014725057390537,0.7918691963332665,0.3660283903119382,0.4962476712236515,-0.7476709490686424
2015-01-15,EFX,83.14,83.52,82.37,82.69,465675,-0.2505765549170661,-0.2415454918500463,0.2091101719086924,0.0203588118703352,0.2403258637960862,0.0893953660930713,-0.6871383427175026,-0.6211063803664687,0.40264161827296,-0.2042466163121398,-0.0015158679817267,0.6247959474843332,-0.1607752389843591,-0.4352449045015993,-0.4322721624028844
2015-01-16,EFX,82.59,83.36,82.12,83.32,744655,0.4413365681963792,0.4451638884555646,0.3425707129798896,0.3223081178989562,0.2558958129827243,0.1105623262772329,-0.7823207748149054,-0.6378643760616084,0.6160532521505516,1.0696769181950372,-0.0007582170203395,0.8580004861395243,-0.2510928795025543,0.6414737768744542,-0.351013464320132
2015-01-20,EFX,83.55,83.95,82.34,83.6,556171,0.1762244382205243,0.1829448714181749,0.390495613627523,0.478667850220797,0.27439548636956,0.1350369540817962,-0.743950783368222,-0.8412421301640125,0.2964614358615529,0.322943024460348,-0.0009346317278755,1.065299112082487,0.4410007450602612,0.0188969651001995,0.0136854703453035
2015-01-21,EFX,83.6,84.51,83.44,84.41,497443,0.5702217843866765,0.5722425510149162,0.5946650051804429,0.7728947478652377,0.3156004858811072,0.2130597749070004,-0.6643288762865014,-0.8150750810138359,0.4394801300606363,0.1735398306263262,-0.0009946940956224,1.374899579648044,0.1758194544887943,0.7057043340734042,-0.5348765660276239
2015-01-22,EFX,84.67,85.66,84.37,85.66,456495,0.8889628110322071,0.8854002990546825,0.9220122334445356,1.3302011953068569,0.3912441245763896,0.3641224959781751,-0.4970808283266689,-0.7499159321182246,0.6144332853100507,-0.0169221589029261,-0.0010337808598767,1.442878752192886,0.5699195839230409,0.8570691502067581,-0.3362490872330532
2015-01-23,EFX,85.4,85.89,85.24,85.24,332859,-0.3382537566800331,-0.3291095199678304,0.7339482256570524,1.058300559940493,0.4280326547041669,0.3849602922581012,-0.3958833860479952,-0.739566371453385,0.4239999042110166,-0.5535775639475533,-0.0013843855577985,1.0982666310864044,0.8887437614951277,-0.1678655628648553,-0.9558058492036816
2015-01-26,EFX,85.19,85.47,84.55,85.18,617039,-0.0768191571989749,-0.0683774135301335,0.6652677479218572,1.3592374120994843,0.4479664736853155,0.3582467929379874,-0.3174560574818954,-0.7369160524993809,0.3742180599106433,0.5738038745105443,-0.001519471350196,1.0664562814458125,-0.3387929538798225,-0.035185172190482,-0.6911878281402463
2015-01-27,EFX,84.48,85.94,84.23,85.43,628230,0.1497288850375801,0.1566773165533453,0.6873595631660752,1.7502814153425983,0.4665290799411019,0.3333465155317135,-0.2455875938861126,-0.7454068318778659,0.4599235545492015,0.4928683333950213,-0.0009297135912184,1.1746299255954742,-0.0772901531715503,0.8232833059451986,0.0768590483096852
2015-01-28,EFX,85.61,86.31,85.03,85.22,584116,-0.1860358168396214,-0.1771671007373124,0.564648010636341,1.4147502127281486,0.4659085532409894,0.264049239608464,-0.2069135900212311,-0.7440355008519218,0.4540428806865649,0.2338772810113151,-0.0015042312838541,0.9012706990071864,0.1493169893315117,-0.3704959249064998,-0.3395484966962566
2015-01-29,EFX,85.23,85.38,84.15,85.21,539567,-0.040301609526541,-0.0320452268496642,0.5024493623356403,0.9720471255498446,0.4580470046085667,0.189973153067504,-0.190241452156877,-0.7506053128034775,0.4897803546267867,0.003968584029233,-0.0015094183971046,0.8963018177852969,-0.1865353044894059,-0.0440454691135458,-0.3883048069878133
2015-01-30,EFX,84.43,85.22,84.13,84.46,629948,-0.580977830681484,-0.5721682285477677,0.208658116897584,0.687794723124194,0.4158106022985195,0.0422320022184116,-0.2463256266290819,-0.7475683476198515,0.4844917997720063,0.3225774399731286,-0.0015872001982496,0.5236357261437613,-0.0407630790570499,0.0005288068951729,-0.515766989719011
2015-02-02,EFX,84.41,84.68,82.87,84.46,649006,-0.0329960430517004,-0.0247793014886723,0.1587360761842391,0.7688518569607619,0.3763040110704652,-0.0689344317284604,-0.2928871635066999,-0.7508178961015325,0.399613132525066,0.34552977642589,-0.0012427088046935,0.5236357261437613,-0.5815803480376496,0.0184363132376107,0.1946926188155506
2015-02-03,EFX,85.14,85.555,84.53,85.3,499117,0.586193531880885,0.5879722785273209,0.3480549725347698,0.8721107102270925,0.3720683702565899,-0.0670807596957021,-0.3784016339097643,-0.7750535109519286,0.6812249445761482,-0.1718318917443584,-0.0009310814816823,0.9410217487822828,-0.0334556067571959,0.1156647226440513,-0.5898657428528524
2015-02-04,EFX,85.08,85.71,84.67,85.03,751592,-0.2300613434575109,-0.2210746268356943,0.1838254553736794,0.8060891155034058,0.3523280163975804,-0.1055066865400011,-0.5801840240314552,-0.8096606612667568,0.7559398512527857,0.7449540280421271,-0.0016645982081608,0.749889767188587,0.585895498014869,-0.0707169887721254,-0.5719837413495575
2015-02-05,EFX,85.03,85.5,84.75,85.44,625137,0.2672014798745287,0.2730543106996279,0.247096157224238,1.1199948527013417,0.3471219072812221,-0.0988365322492878,-0.684497036786956,-0.8973934511284611,0.5709125712461035,0.2257932634310591,-0.0008288956326406,0.8365814906467673,-0.2305723161783229,0.3379811313257209,-0.8597503447758206
2015-02-06,EFX,85.38,85.96,84.995,85.26,473550,-0.1641576389054395,-0.1553591380615347,0.1568792541315193,0.8068332905305365,0.3304071471821804,-0.1231234783291452,-0.6961990708852854,-1.0873326959509566,0.2160807883398301,-0.295920763690962,-0.0015155027062926,0.6098499659602822,0.2668202295962186,-0.1325031779248208,-0.6480453489819624
2015-02-09,EFX,85.07,85.6,84.87,85.04,417539,-0.1936431020440412,-0.1847517714106801,0.0524344629319039,0.5579855922091563,0.3033098340021983,-0.1692775480917151,-0.7419484100598362,-1.0964305174249451,0.2407785964822364,-0.4867019070551342,-0.0015094566386187,0.4353106012258321,-0.1646514191294002,-0.0529599451747233,-0.8759096552256822
2015-02-10,EFX,85.3,85.74,84.72,85.47,814384,0.2818082387496712,0.2875095623270892,0.1413057970828398,0.4002904732147909,0.2936764798490799,-0.1612488740019592,-0.7994605823954749,-1.0944949008113969,0.3391396821834027,0.8989761406065246,-0.0006671096765276,0.7764557232067983,-0.1941445742291081,0.1242555883866691,-0.596733090245092
2015-02-11,EFX,85.54,85.86,85.15,85.47,951097,-0.0329960430517004,-0.0247793014886723,0.1050226009259106,-0.3272178730230076,0.2811054291707517,-0.1623875150147294,-0.8362983083134782,-1.1071067863678006,0.2422980939738353,1.2526559776344302,-0.0012427088046935,0.7764557232067983,0.2814307989803101,-0.0881428889564615,-0.8990106884019694
2015-02-12,EFX,87.33,92.88,87.21,92.74,1270615,5.262615664151589,5.029746380209429,2.1921137733394347,1.8383542189064936,0.54923088335188,0.5592095436009619,-0.0916067078455354,0.7125303378067156,1.5599359606149532,2.063122225998704,-0.0004989141303049,1.399627319549582,-0.0334556067571959,4.6540356502005125,3.504025153784501
2015-02-13,EFX,91.9,92.64,90.74,92.56,1136728,-0.1538332950437584,-0.1450705958890321,1.972606806689945,1.7841935549310937,0.744361547761451,0.9485998581987476,0.2644055297366039,0.7078017498371841,1.5855311981408051,1.443168511309629,-0.0017674850279441,1.3440183347224792,5.263537582537589,0.5162751597646624,0.1194327175441468
2015-02-17,EFX,92.1,93.34,91.79,92.52,879205,-0.0599009857909342,-0.0515424671928671,1.8091764565492527,1.743482201017972,0.8855258494521274,1.1212036212487124,0.5128673585093312,0.7136517688071857,1.4541775818369649,0.6258397108902237,-0.001743243976509,1.1950761284926252,-0.1543243819252046,0.3182192772387527,-0.1951032791380933
2015-02-18,EFX,92.48,93.11,92.47,93.0,882085,0.2900028544765909,0.2956177026747437,1.8017418156299607,1.8798769872754175,1.0030318121568207,1.198390474407967,0.7241380759869724,0.7128715013138712,1.4838814889522065,0.5705585283152745,-0.0006300356974605,1.3349301635844375,-0.0603675682694482,0.3984988501342015,-1.0177954044976572
2015-02-19,EFX,92.7,93.52,92.7,92.98,802140,-0.0463848683202066,-0.0380961276272417,1.657116495152276,1.875354645456868,1.0812093732473955,1.1589093282039322,0.8918841199137894,0.7147474268491384,1.323622794063671,0.2816038379811542,-0.0016991009124737,1.274328702407072,0.2896275524611852,0.201887330967751,-0.856332453281714
2015-02-20,EFX,92.86,94.35,92.42,93.62,1789605,0.3955385235119765,0.399944904673934,1.7216339374337364,2.2690328137393907,1.1533618796730616,1.111816024252226,1.0781271509548729,0.6976371687796402,1.1972782938779547,2.6918824291771,-2.4078370887568703e-05,1.231497870456563,-0.0468479248086623,0.5920267263579552,0.1267690106531098
2015-02-23,EFX,93.7,94.11,92.68,93.34,708293,-0.2191982487727226,-0.2102377543306277,1.5085876620577876,2.134641942255617,1.1841770882508482,0.9677398880360988,1.1938775109357445,0.6917051466835364,1.2281243067225804,-0.2147320096085701,-0.0015778567280427,1.1504202719823553,0.3951907529027326,-0.3165902184935427,-0.3145140783258739
2015-02-24,EFX,93.19,93.44,92.95,93.07,732050,-0.2130867879051025,-0.204141879372608,1.3037590023938852,1.9525986466802372,1.1826434258753995,0.7692135421029366,1.2590782021871934,0.6967973292771659,1.192899614031037,-0.1671638462653027,-0.001636673841861,1.0722383020250812,-0.2197063876054788,-0.1236039660199236,-1.152546407574061
2015-02-25,EFX,92.98,93.26,92.54,93.08,677600,-0.026306665432859,-0.0181269691811608,1.187353064709017,2.08508262054911,1.1666766814439269,0.5732419606041548,1.301908543926526,0.6998640831114177,1.1476594639041773,-0.3122045575066514,-0.0008177173903665,1.075133930542019,-0.2135933324227525,0.0549394022110788,-0.9466588934651332
2015-02-26,EFX,93.08,93.5,92.89,93.21,742841,0.0539565232870969,0.0616360410699587,1.1020719717880756,2.0665354510463194,1.1442527799384372,0.3998440842540846,1.314577209742358,0.692798935502574,1.2094947781859813,-0.1643105465116864,-0.0008386703203749,1.112777101262185,-0.026764484060374,0.0792027021628151,-1.0459111298040735
2015-02-27,EFX,93.45,93.78,92.9848,93.37,769912,0.0738732413574161,0.0814127415083876,1.0237512491902123,2.169880912797069,1.1181926092715375,0.2517660889495335,1.3034595987977171,0.6902167035667303,1.2389570846687548,-0.1235017750276451,-0.0008771638143564,1.1591071575331635,0.0535196431580886,-0.0909943765671439,-0.8815386219465977
2015-03-02,EFX,93.45,94.9,93.3,94.84,725421,0.9471829772215168,0.9424299614562194,1.2945113074647097,2.348337909790125,1.1405488364026874,0.2579266671684122,1.2799723954500537,0.6733892253513817,1.6374766851482965,-0.2450964015147515,-0.0009383730067376,1.4262992931532723,0.0734415569623204,1.0974606709009234,-0.1853203698138286
2015-03-03,EFX,94.54,94.74,93.97,94.67,601448,-0.1445931157505444,-0.1358639082653103,1.0891861282383914,2.248685059958237,1.1367756682964216,0.1955985162098925,1.202556014319363,0.6778296207864382,1.6079157874675245,-0.5481988929341941,-0.0014700988004483,1.3691505213720774,0.9469791157536164,0.0775731473774817,-0.9134696508519244
2015-03-04,EFX,94.23,94.44,93.85,93.96,422916,-0.4999148834868034,-0.4908873591805947,0.7535346917436051,1.9255489267278043,1.0915638988681704,0.0390737489898645,1.104053369412187,0.7044349599896815,1.3235607856778493,-0.987319539681172,-0.0014168708187958,1.1374309862890757,-0.1450817921187351,-0.242797310626726,-1.0680043264519885
2015-03-05,EFX,93.91,94.405,93.79,94.21,538705,0.132654333434515,0.1397437875349508,0.6891288374227791,0.7114704465099251,1.0517520706130783,-0.0722467091643558,0.9571483124874912,0.693095667574089,1.4181107790695024,-0.6799952904461867,-0.0010060094765763,1.2175658582012006,-0.5004962537090731,0.2150372511701156,-1.0472773167469192
2015-03-06,EFX,93.61,94.48,93.27,93.38,435132,-0.5814958957618174,-0.5726880296363629,0.3347940435041224,0.253509668413397,0.9746049575811278,-0.2574034559908022,0.7729493334970896,0.7270562206665262,1.1973545481291623,-0.9290109460724604,-0.0014188747377374,0.9465373045590332,0.1322379834390152,-0.2119474726247972,-0.5114091456862669
2015-03-09,EFX,93.38,93.9,92.6,92.97,764194,-0.3063500307837303,-0.2972326414172436,0.1063865539257585,0.0384330628510893,0.8854267184236674,-0.4364967649878151,0.5212853541613216,0.7333967989850851,1.1606170778077114,-0.1210860473643219,-0.0015730676479923,0.812655729868325,-0.5820985482671727,-0.3580388887834094,-0.4259682253337131
2015-03-10,EFX,92.27,92.72,91.98,92.01,597667,-0.6758670336791605,-0.6674482735654866,-0.2656365456507212,-0.6512646175453422,0.7664397362122682,-0.6564986036602206,0.1769255312160797,0.762821190226296,1.0362536493326726,-0.5568420554769342,-0.0015359894621612,0.4991769208364222,-0.3068809051629629,-0.2392076762661236,-0.9210463650937578
2015-03-11,EFX,91.98,92.5,91.4601,91.52,573640,-0.3645517258503533,-0.3553977039860688,-0.489230670111373,-0.8234686989345964,0.6437406553396812,-0.8420549526496929,-0.2269846562927136,0.7773477369378372,0.872111497531306,-0.595158411411352,-0.0015574608879654,0.2904958192128182,-0.6764943050659964,-0.4041576160189464,-0.6443597432794359
2015-03-12,EFX,91.94,92.42,91.8,92.0,748050,0.2935321256471349,0.2991094033886313,-0.4446884736393763,-0.9100157977614184,0.5572714344875517,-0.8972449958317129,-0.931302906973593,0.7753061560344482,0.9545912421060524,-0.1302954240514909,-0.000779754408691,0.189286234821854,-0.3650977834801479,0.022988507984084,-1.0296789772040928
2015-03-13,EFX,92.09,92.43,91.415,91.66,512417,-0.2630800946768849,-0.254025323837979,-0.5255028141424523,-0.9300042794237494,0.4682689865183271,-0.947917513368202,-0.8913725596588519,-1.0858996560200564,-0.3385085809378841,-0.6670844864770189,-0.0015144964820243,-1.1461472529305954,0.2931577443232729,-0.3790939166815344,-0.6684461754483008
2015-03-16,EFX,92.09,92.65,92.014,92.18,628181,0.3202025113805694,0.3254895080140559,-0.3736055805054862,-0.5673901088848808,0.4117562240003145,-0.9048276363434088,-0.8808710796809747,-1.0662135769680174,-0.2277717727138355,-0.296880829280792,-0.0008733474301197,-1.1516043989817428,-0.2635996810982503,0.0475205722254608,-1.0163099420588884
2015-03-17,EFX,91.99,92.17,91.4601,91.98,511271,-0.1680753172946572,-0.1592636786271981,-0.4224735537804234,-0.6441948943290281,0.3533292273539256,-0.8752829404172103,-0.8643136433236428,-1.06410109241237,-0.2531961103257514,-0.5851335448773294,-0.0015080188072553,-1.3423752189210565,0.3198350876401371,-0.0345295941376065,-0.948100632677094
2015-03-18,EFX,91.94,92.98,91.295,92.68,665071,0.4408094173636636,0.4446435906362488,-0.220544160943534,-0.3920597742598538,0.3290847293159484,-0.7636620206967616,-0.8618095677175299,-1.0461144633748083,-0.2180113136469456,-0.1166764356439576,-0.0008611085464779,-0.6041900447897283,-0.1685701195351165,0.5817791748224587,-0.0761172985944534
2015-03-19,EFX,92.55,93.09,92.37,92.79,475208,0.0408967506993078,0.0486646508137486,-0.1868404031283657,-0.4126715366242897,0.3089424730837878,-0.6638061851307452,-0.8607270424793793,-1.0451737894468482,-0.1974881823272476,-0.6338886928130503,-0.0010030059573197,-0.5027587080023018,0.4404734567081286,0.1696037996425771,-0.944644098217268
2015-03-20,EFX,93.0,93.32,92.38,93.08,704918,0.161581291516546,0.1684291087866258,-0.0973999858196005,-0.9917280507026892,0.2992470493404818,-0.5570315496898222,-0.8672141596960272,-1.0670639599114091,-0.2521889422348102,0.2288870341685779,-0.0009154057347571,-0.2353488201081838,0.040456463628298,0.0386742320791389,-0.7496779201371965
2015-03-23,EFX,93.3,93.54,92.82,92.82,368100,-0.2069011757292952,-0.1979726532762432,-0.1634487326163312,-1.021183086350299,0.2764480317092823,-0.5053402664311942,-0.8688279217152374,-1.06765502292598,-0.2492961670852435,-0.824120404458079,-0.0013955923602563,-0.4750956161511976,0.1611724877832651,-0.4150074069856362,-0.9448531091412584
2015-03-24,EFX,92.59,92.85,92.18,92.19,400089,-0.4555619084266653,-0.4464602700212683,-0.3289675750585115,-0.9950412996034562,0.2292468441332374,-0.5267980051883572,-0.8581274167638144,-1.047994567574118,-0.3063419285045286,-0.6809795225819022,-0.0014185659327582,-1.0560205450246385,-0.207406106587765,-0.3527094017476577,-0.985635909418347
2015-03-25,EFX,92.11,92.48,91.14,91.24,801967,-0.6745529974247316,-0.6661278232327907,-0.5717313731161738,-1.4094702471710638,0.1510147699558449,-0.6238371641211828,-0.8106689430111905,-0.9986622600130798,-0.4577998022456013,0.6600138239811034,-0.0016190568588844,-1.7928937018069937,-0.4561317081554513,-0.7399204276281213,-0.3673349540131932
2015-03-26,EFX,91.13,92.22,90.709,91.83,480271,0.3695931954857948,0.3743129624893176,-0.3856294424771332,-0.8480004710051785,0.1092792664812741,-0.6075269465528025,-0.7970031311455225,-0.9735426064477608,-0.3849154041202281,-0.3884806965238289,-0.0009819684310415,-0.9921575923426604,-0.675179926014993,0.554021972269832,-0.2200069193177278
2015-03-27,EFX,91.84,92.45,91.54,91.97,674611,0.0619198368328775,0.069544129211788,-0.3263740031274592,-0.6313950113013501,0.079105350619343,-0.5647194450114461,-0.7934993135683603,-0.974003525781504,-0.3876886807365053,0.3005709038418876,-0.000907914904553,-0.8811135896602573,0.3692386564410976,0.0806273959100015,-0.7667051979229658
2015-03-30,EFX,92.38,93.56,92.35,93.33,548651,0.8876403709753345,0.8841042903323214,0.0802135627321532,0.3618953443467645,0.105800223588573,-0.3840941603012721,-0.868473387792602,-0.98980774087577,-0.4013096128581067,-0.1078037379111085,-0.0009997366620909,0.2801161702544305,0.0614850341173316,0.7506286310294334,-0.5108305992642175
2015-03-31,EFX,92.83,93.61,92.83,93.0,557366,-0.2531305375821952,-0.2440944275294975,0.0104842164264547,0.4429920500591796,0.1109931450847597,-0.2949395854769245,-0.9516481308892067,-0.9864766206379108,-0.4265509720602736,-0.0694436060794416,-0.0014696702763099,0.1382410764000186,0.8874209764493556,0.1120417759500997,-0.8923360467444297
2015-04-01,EFX,93.14,93.235,92.0,92.99,471903,-0.0396904556859569,-0.031437356540266,0.0214773551395938,0.2646548580561726,0.1117309123686045,-0.2350834158662489,-0.993138953244984,-1.0107175068410463,-0.3190941595126821,-0.3793932942433948,-0.0014519838389115,0.1294259569689814,-0.2536475284327928,-0.1479911028630893,-0.4844741179411591
2015-04-02,EFX,93.0,94.01,92.89,93.47,400260,0.2883703189153735,0.2940024794748295,0.1682961738325567,0.6227286415439314,0.1280342619292959,-0.1471329393526153,-1.042792755366545,-0.9992086473198296,-0.2828367484982647,-0.6148723004167581,-0.0010507287471301,0.5525516896585623,-0.0401517657829325,0.3555042988811105,-0.5926958648980964
2015-04-06,EFX,92.96,94.65,92.76,93.81,630894,0.1934694833152249,0.2000355352437377,0.2586216013693896,0.5625965606007938,0.1509000764398607,-0.0598808863310435,-1.0183020700877097,-1.0328940045176918,-0.0998477326119222,0.1704346278012702,-0.0009596859058949,0.7343498276935955,0.287994591015525,0.6645076465034081,0.0877532125971827
2015-04-07,EFX,93.82,94.03,92.6,92.63,459425,-0.8161160115872844,-0.8085439806968647,-0.0714367220458475,0.0708683764624401,0.1195080016159861,-0.1297381170319438,-1.0238238369217936,-0.9596966626294756,-0.2211870372275078,-0.3876363267055853,-0.0014297366157619,-0.2609646138649337,0.1930689983500743,-0.984605021766548,-0.3047274544316782
2015-04-08,EFX,92.54,93.25,92.09,92.86,554511,0.1215904691438393,0.1287688290166887,-0.0182599282603917,-0.1121284489179245,0.1008229868350517,-0.1529161477892855,-1.025960159442311,-1.01390963033856,-0.0318007504889905,-0.0370486645184577,-0.0010006605884384,-0.0669626464425063,-0.8167798701451674,0.2349388117059159,-0.5502362755938771
2015-04-09,EFX,92.86,93.05,92.02,92.94,312592,0.0206400004534237,0.0285396106481435,-0.0157863434390981,-0.1246592173194238,0.086470510522936,-0.1603066929594024,-1.048676193337406,-1.0330906029573652,0.0603956498942487,-0.8856453632310373,-0.001117205864319,0.0005162987479008,0.1211712328849152,0.0387722151677747,-0.667705596553417
2015-04-10,EFX,92.95,93.44,92.44,93.41,377776,0.281844473672334,0.2875454172104415,0.0973107822894198,-0.0510742794723232,0.0908498161537183,-0.1180038448348955,-1.0418625107458062,-1.0339874686126886,0.0576103852964768,-0.5948392897163295,-0.001097597242944,0.3969551017415488,0.0201944289432887,0.3475814714564919,-0.6991190038290542
2015-04-13,EFX,93.32,93.95,93.2,93.5,376558,0.0269892194991185,0.034848250713026,0.0965291888833536,0.1022235362416641,0.095070402046283,-0.084570108209163,-1.0527909376487703,-1.0456087120525073,0.1273435948403319,-0.5806387801001807,-0.0011052523004541,0.4728689150807613,0.2814670433556857,0.1194112816452432,-0.922814332279592
2015-04-14,EFX,93.65,93.96,92.91,93.9,368525,0.2333485023967698,0.2395394900712177,0.1851126850374257,0.568656690486963,0.1111797483464409,-0.0272216542798679,-1.029992778143229,-1.0518220820286162,0.106561509514135,-0.5751822121964113,-0.0011145330099337,0.8102636410328079,0.0265453043287781,0.1753700085700423,-0.6593973578625859
2015-04-15,EFX,93.9,94.35,93.33,93.83,284320,-0.0794077855959065,-0.0709537115813904,0.1389075148967822,1.1335734957537362,0.1181337155752867,-0.0049086792596615,-1.0269615061172348,-1.0557119412483822,0.1279146202907145,-0.8848994355418216,-0.0013372319360126,0.7512195639911944,0.2329584207908029,-0.0826384354257737,-0.6853484493538199
2015-04-16,EFX,93.58,93.82,92.81,93.33,254615,-0.3647558080446582,-0.3556017538941464,-0.0115458963034472,0.5891096288527684,0.1011053502033485,-0.0487884105112856,-1.0246965047178225,-1.0622765674425476,-0.0644746063062977,-0.9611785082606512,-0.0013303410669768,0.3294761565511421,-0.0798794568717272,-0.2281539764809867,-0.6894245327881358
2015-04-17,EFX,93.03,93.42,91.61,91.84,268115,-1.0269366395681645,-1.02124416873667,-0.4190197859904231,-0.2434767985172275,0.0269634014837613,-0.2309015758610704,-0.99672866169138,-0.9305263282261202,-0.3178403729526979,-0.8783453722198504,-0.0013379962275621,-0.9273191976202096,-0.3653019189139862,-0.9927426966243404,0.0511734345022067
2015-04-20,EFX,93.13,93.78,93.0,93.34,330130,0.9838490815984252,0.9783193669005766,0.0010645693042226,-0.1848819304703731,0.0252515943708485,-0.1901581705023388,-0.9931073859778712,-0.8106670386362222,-0.1264530683767243,-0.548364387647353,-0.0011212098209066,0.3379110246999474,-1.027655495534879,0.1440461129884103,-0.8948821777613076
2015-04-21,EFX,93.79,94.56,93.46,94.48,478257,0.727387101884871,0.726852807042586,0.2992676794742664,0.3574604705753738,0.0662999889849516,-0.0474994230704353,-0.94258031793798,-0.7578302271326609,0.0951784284431876,0.0963856088436099,-0.0010740766186332,1.299485993663267,0.983654785327024,0.5295074363585827,-0.6210133023884211
2015-04-22,EFX,94.37,94.72,93.2,94.19,708526,-0.2240928982018718,-0.2151203539048791,0.1888680705943523,0.2390584176914321,0.0847449775532859,0.0084467968222168,-0.9310926331480264,-0.7762187736343461,0.1511378570631438,1.0223047869818145,-0.0014782229141428,1.0036326253306254,0.7271259016084721,-0.1704229546787483,-0.2464029309518463
2015-04-23,EFX,98.09,99.29,97.21,98.4,1147066,2.74974456496418,2.6826338204290368,1.2694852633720088,1.0225012394641682,0.2603526454221259,0.457737803760784,-0.5878482550813694,-0.2313531781464196,0.985040526737348,2.743415739183869,-0.000826067247583,1.0981029022542057,-0.2246023139164888,0.212454510413074,0.1703527988935413
2015-04-24,EFX,98.52,98.97,98.1,98.49,544963,0.0239472839286963,0.0318258368977885,1.1965496625462295,0.9855566850442112,0.3967948503984247,0.7163593820446118,-0.3623369698483332,-0.231267904985428,0.8976697321138456,0.2152545732939947,-0.0010706028470401,1.0997374321988174,2.7500109431380757,-0.0493225755685051,-0.8551420776232947
2015-04-27,EFX,98.5,99.12,97.99,98.06,559461,-0.3048099949695426,-0.2956943167019548,0.9874087927418718,1.2667866742078957,0.4807652574096792,0.7881951399914633,-0.2419060744176571,-0.2152810899953625,0.8050258943307689,0.3030901200704462,-0.0014090763277164,0.9104903028368606,0.02350257519951,-0.3638067586780152,-0.63094075656588
2015-04-28,EFX,98.02,98.41,97.43,97.71,403614,-0.2552101275357222,-0.2461699854654032,0.8264898948764341,1.0972447785565806,0.5257809243488573,0.7453949159942825,-0.1450935842366961,-0.2439684327146598,0.5217664542336753,-0.3249095793139516,-0.0013703856656446,0.7589976546461183,-0.3053404675950185,-0.2652581280811418,-0.7554417775735534
2015-04-29,EFX,97.62,97.91,97.13,97.41,603574,-0.2241475244719571,-0.215174847866289,0.6797697584856632,0.9734489021810538,0.541708853401663,0.6362834002112318,-0.0920201752374828,-0.2454671056381376,0.5289497532535953,0.5144218151843933,-0.0014428471824227,0.6291468133397721,-0.2557276608951814,-0.1888434396447972,-0.9239810156387608
2015-04-30,EFX,97.51,98.1,96.45,96.93,650866,-0.3397803362384075,-0.3306352263954885,0.4905341512981183,0.7255906337468327,0.5276624453689445,0.471840759923332,-0.0743292022738056,-0.2324384704630958,0.4547943171143331,0.6640686656325104,-0.001475302028196,0.4213854672496209,-0.2246569544370928,-0.4757067199969674,-0.1726463206861002
2015-05-01,EFX,97.66,98.34,97.3375,98.27,502390,0.827684553751091,0.8253182845898082,0.7929915590430137,0.9273208642152994,0.5611029257405898,0.4625170809773314,-0.0032819429843632,-0.1980718436106682,0.5867269412471596,0.0245003442771576,-0.0010467520126598,1.0013858917513008,-0.3403199316815799,0.44559199868346,-0.741123314743078
2015-05-04,EFX,98.93,100.21,98.67,99.78,615982,0.9236503049981044,0.9193848171690544,1.1238966696907031,1.0755987680400474,0.637981357775694,0.5668666776346486,0.1333119000885733,-0.1557876721439076,0.7671643531811972,0.4961055408321401,-0.0010182911832723,1.2766696753207645,0.8274495183714475,0.6228193774421692,-0.3050448533721669
2015-05-05,EFX,99.24,99.57,98.46,98.53,1001795,-0.8129373827312237,-0.8053425978077406,0.6957264021356742,0.7416620306812908,0.6406325776203542,0.4592867885751991,0.1415268045889165,-0.1562191356671559,0.7679720641941646,1.870580446369257,-0.0015803824645482,0.7935037541808664,0.9234403044914982,-0.5668422205838726,-0.6524387496403027
2015-05-06,EFX,98.53,99.0,97.9,98.54,708504,-0.0266773545813234,-0.018495586773514,0.6182789318950581,0.8777765973897373,0.6341213488685099,0.3496388923682641,0.1365449221237417,-0.1538916541917465,0.730860345830678,0.6838449592658208,-0.0009708122231406,0.7973690815499874,-0.813600412070674,-0.0186486542585851,-0.6609915956141627
2015-05-07,EFX,98.0,98.76,97.62,97.94,769553,-0.4120788774250233,-0.4029355027830327,0.3842052155838546,1.142348986377338,0.596772414246485,0.1825448513521127,0.0968756865369219,-0.1335203760971179,0.6226322346179046,0.795307490815892,-0.0015116821455902,0.5654494394028333,-0.0271352699116271,-0.0725727458508053,-0.6212546776639941
2015-05-08,EFX,98.57,99.68,98.14,98.89,417603,0.5708954785293597,0.5729061173960422,0.5668766997067092,1.0737553423034896,0.59599456936071,0.1430029739630602,0.0863587602349274,-0.1223287494305321,0.69412556993712,-0.5089171409973791,-0.0010810844450674,0.9326555394691568,-0.4126373336052386,0.2189565672477763,-0.29346847205045
2015-05-11,EFX,98.7,99.94,98.7,99.4,605598,0.2880839359580636,0.2937191291455708,0.6231559431797618,0.9876589811984002,0.6067590133346831,0.1410791248807471,0.0763178703382713,-0.1222869826505393,0.7592678862038016,0.1368072610367181,-0.0010212236160918,1.129787235294237,0.5705934538143336,0.5095117126948377,-0.5516592566625909
2015-05-12,EFX,99.0,99.06,98.37,98.39,600795,-0.6655978325241801,-0.6571296961715672,0.2870272185323473,0.7600054128775799,0.5673050467701168,0.0102787213793131,0.0339101485385665,-0.0792221273191313,0.5347872391832815,0.0756387203142313,-0.0014461977031625,0.7393891710131978,0.2877081333486349,-0.4918376513383014,-1.0068621350708178
2015-05-13,EFX,98.33,98.72,97.6,98.22,615999,-0.1405665926477826,-0.1318524077893323,0.1808362473088383,-0.2479194632830909,0.5216377814906713,-0.110354525354387,-0.0298323968888221,-0.0773848621910572,0.5196588531808147,0.0681258352858073,-0.0014678554429637,0.6736786057381708,-0.6662224249537446,-0.1108349721670316,-0.6409903380490055
2015-05-14,EFX,98.9,99.72,98.77,99.61,565725,0.8480737199601572,0.8453158967314703,0.4697421428924178,0.1313949126199057,0.5323180997600966,-0.0618234126885243,-0.1080642384400272,-0.0619362707481944,0.820753318959348,-0.1541567540685889,-0.0010176817853147,1.2109591100457375,-0.1410542186048283,0.5160673466573669,-0.7964858675187029
2015-05-15,EFX,99.74,100.19,98.74,98.9,609350,-0.4767587839812297,-0.467688588776513,0.1822737142932932,0.0449390902575402,0.5053186922334327,-0.119985488112985,-0.3752518117191862,-0.1313477211508641,0.9615195616055484,-0.0642515106037593,-0.0014669096700967,0.8389012467768486,0.8478440035633878,-0.6626058985064325,-0.3694407255525154
2015-05-18,EFX,98.98,100.58,98.89,100.35,441537,0.8797861042985332,0.8764064461908875,0.475276813432824,0.4769778256024573,0.5331452255068381,-0.0253941206406526,-0.5337274015168685,-0.1417841541895226,0.9355090383261973,-0.6222652274330249,-0.0010659746971231,1.339279598586953,-0.4773341134024466,1.0194093096206829,-0.1877757970002261
2015-05-19,EFX,100.38,100.38,99.93,100.22,381361,-0.1136492057304725,-0.105042121483652,0.3623313433014696,0.5303318000218818,0.5421361735950827,0.0017965013179617,-0.6575493436252742,-0.1568945831416123,0.7247837852074743,-0.8065057192736144,-0.0013862174204388,1.280723555244472,0.8795646608064752,-0.1467417911980418,-1.217113294554231
2015-05-20,EFX,99.87,100.2,99.4,99.61,379601,-0.411936403001142,-0.4027929418854131,0.1266986226145683,0.4893914954138068,0.5175920118910805,-0.0627697964263779,-0.920042690900969,-0.1447123446567692,0.6776350408318284,-0.7787970345136619,-0.0013933444124395,0.6621387785078452,-0.1141298096681496,-0.2230068897123384,-0.9219866090289918
2015-05-21,EFX,99.24,100.11,99.12,100.05,355244,0.2420118527356113,0.2481180297266101,0.2214928168315161,0.2993334490776539,0.5079060992827863,-0.0761779572285385,-0.8916523556647921,-0.7318986856429994,0.0787914111129575,-0.7772558887911094,-0.0010936480436964,1.0162888696639447,-0.4124948220136274,0.5903394948928927,-0.7666617232893389
2015-05-22,EFX,100.0,100.78,99.99,100.27,496608,0.103903189828733,0.1112196373382777,0.2559653236435542,-0.0362145345278912,0.5014120764697376,-0.0786886164844597,-0.8585824805409483,-0.7312176451665544,0.0979516028574,-0.2654944348772938,-0.001044953033672,1.051346977574944,0.2416240311638023,0.1776732690786687,-0.9347039841252792
2015-05-26,EFX,100.13,100.29,98.73,99.02,547015,-0.8091259610054581,-0.8015041104603001,-0.0886633099899094,-0.0362145345278912,0.4402993420180509,-0.2212847674069445,-0.8694236808429353,-0.6729536809603228,-0.0236967382341166,-0.0827851778547856,-0.0014460481490749,0.0917102750799971,0.1034793394362636,-0.8638525693118202,-0.2783392458706487
2015-05-27,EFX,99.01,100.65,98.75,100.38,397934,0.8220931409320081,0.8198331207448997,0.2363281903078642,0.3129894716662491,0.4386382290107036,-0.1823342379839924,-0.8636366872277086,-0.6193749769018885,0.2338441762104626,-0.6166285791482236,-0.0010830918483865,1.135795007394499,-0.8097879960479039,1.0190924550018134,-0.0138420057711633
2015-05-28,EFX,100.38,100.9299,99.83,100.29,372358,-0.0888161603546602,-0.0803181746034476,0.1738887641536042,0.4839009076424707,0.4271596084674486,-0.1764439098384415,-0.8889815615929527,-0.6248656313540614,0.2667419458093627,-0.6803953522463118,-0.0013839439111488,0.9680592772471412,0.8218566469037509,-0.0940557485477781,-0.6773084329207627
2015-05-29,EFX,100.06,100.59,99.63,100.33,704822,-0.0081648385453419,-8.920729544221254e-05,0.1390436188292731,0.2633358636426452,0.4131779463355873,-0.1781744332821756,-0.9674233643636584,-0.6402857839460219,0.3476810855946425,0.524757494671232,-0.0009610359396296,0.8877689358272892,-0.0892902860213913,0.1775509485790085,-0.7938832042125847
2015-06-01,EFX,100.35,100.48,99.42,100.04,443022,-0.2129505020827736,-0.2040059479574464,0.0389131440206906,0.0168713365010789,0.3845551929251647,-0.2172447689474266,-0.984425942660454,-0.6928409585509094,0.0970513157543402,-0.4207787780489156,-0.0014034432649005,0.5545069842208576,-0.0086179244601246,-0.2597102070553429,-0.7082640148000986
2015-06-02,EFX,99.35,99.4,98.09,98.25,763241,-1.146969324963496,-1.142674243811756,-0.4135678298113024,-0.23049000276266,0.2864269843245926,-0.4274068826294032,-0.9611236467607304,-0.6579771205761598,-0.3926765965665587,0.7158127657148906,-0.0015366469414196,-1.232419035185752,-0.2134570110471328,-0.8628234826766067,-0.4801124426981112
2015-06-03,EFX,98.37,99.16,98.25,98.78,623866,0.3028488411645462,0.3083259929641022,-0.2768558203994327,-0.0287981873089593,0.2252257542084233,-0.5004871666398587,-0.9680187412160636,-0.7034237107294767,-0.1302127928105549,0.2907515310057734,-0.0009739852944746,-0.7033292082106113,-1.1477194942164626,0.288578558587229,-0.82355530261304
2015-06-04,EFX,98.38,98.75,97.44,97.58,341696,-0.7893196409287445,-0.7815609724284402,-0.5813292760581579,-0.7806045284439667,0.1263440267941956,-0.6559403452381618,-0.9219847160547436,-0.648001326270038,-0.3105567907683508,-0.7203785192121427,-0.0013768975135267,-1.7479507077568572,0.3024768903201738,-0.6406835779777508,-0.472482685837705
2015-06-05,EFX,97.48,97.952,96.8501,97.82,320086,0.1201288698367822,0.1273188291849383,-0.5163516400009304,-0.5190868791926166,0.0550936714857205,-0.7091802119800372,-0.9158400155538168,-0.658200494082725,-0.1854714968049781,-0.7482713347509337,-0.0011106199703707,-1.0910376562811643,-0.789976509037133,0.2372001392824461,-0.65252515838958
2015-06-08,EFX,97.92,97.95,97.14,97.29,485779,-0.3703172439742691,-0.3611625688604324,-0.6356795393112389,-1.2229374953714298,-0.0236546956955702,-0.7710718588587752,-0.8519970029547841,-0.6876704581227483,-0.4050993506567957,-0.0907575499236967,-0.0014340660362479,-1.5228765245699227,0.1197092522860679,-0.5124034039090888,-0.897459205399873
2015-06-09,EFX,97.2,98.26,96.88,98.13,538310,0.5045386624555995,0.5075126845359774,-0.396914379153914,-0.8420129623947594,-0.0540773836891414,-0.6961957100405495,-0.8340138054158498,-0.6673515236497896,-0.3551219988908642,0.1350748967351721,-0.0010149549145324,-0.8384526578481092,-0.3708648056720499,0.6965554676560672,-0.4193032558026464
2015-06-10,EFX,98.3,99.07,98.23,98.82,433155,0.4047706529028436,0.4090629629336408,-0.2199859560406095,-0.4337507986771397,-0.0521274450154278,-0.5529682072266904,-0.8419119530301046,-0.6857688418762329,-0.1032913994243626,-0.2606901745632718,-0.0010733439374964,-0.2762473387551855,0.504219327039162,0.3733470125578556,-0.8829012941056984
2015-06-11,EFX,99.13,99.58,98.92,99.37,278322,0.3135119575981613,0.3188728304175912,-0.0897003088681226,-0.3972613481046549,-0.0302835574860915,-0.387179523087906,-0.8579411235759097,-0.6774240575839945,0.0044791890174449,-0.8573981006893127,-0.0011401432670348,0.1718873358841124,0.404425290706853,0.156599099690278,-1.037786944360752
2015-06-12,EFX,99.0,99.06,98.39,98.54,282225,-0.5530138665781169,-0.5441170317087127,-0.295118199092365,-0.6872598334660882,-0.0467940199393712,-0.3532720123767535,-0.8523685211532053,-0.727730489681682,-0.3252382988206332,-0.8036514991946095,-0.0013430059939424,-0.5043886276624489,0.3131427884729192,-0.377365249580009,-1.0246669498250316
2015-06-15,EFX,98.13,98.7099,97.16,97.55,517853,-0.6584827197676889,-0.6499813809724332,-0.5394642445433688,-0.6234166572806288,-0.0993911747051225,-0.4190325286016099,-0.812777491650768,-0.7090827876494272,-0.3679505781229796,0.2549758484026123,-0.0014336438089644,-1.3110310420131757,-0.553609088891188,-0.4728674057722832,-0.2671824569358802
2015-06-16,EFX,97.34,97.79,97.034,97.5,456501,-0.0649068772385677,-0.0565232564996211,-0.5155439839450063,-1.1688593415701218,-0.143089275923948,-0.4487349309454907,-0.8001228717204232,-0.8107856479212671,-0.5845837372292662,-0.0207454214524787,-0.0014234582799504,-1.351770557889472,-0.659105456056472,0.0978696585729241,-0.9451116974564472
2015-06-17,EFX,97.78,97.99,97.214,97.65,653431,0.0627855530999555,0.0704037808882743,-0.4421246817383359,-1.081023309941329,-0.1715357734729298,-0.4332394875249069,-0.7997763791620047,-0.8072086749252512,-0.5440927176447701,0.7682529958290388,-0.0009659617499306,-1.2295520102605708,-0.0653747656189811,-0.126763800505454,-0.9290350425497996
2015-06-18,EFX,98.09,99.3625,97.684,99.3,677341,1.0189830851884805,1.0126896198198738,3.47452694874171e-05,-0.4827764824295963,-0.1293481323233846,-0.2390320757179527,-0.8051633702853378,-0.6923366270066253,-0.2131835088001673,0.7815748812629965,-0.0009818478118596,0.1148520136572878,0.0623509762264058,0.9056608173192052,-0.1825864150699114
2015-06-19,EFX,99.15,100.17,98.814,99.71,528257,0.2240613121790827,0.23034189746644,0.1134484385898624,-0.2820357757303489,-0.0805459701513262,-0.0666404830268747,-0.81563623402077,-0.6933261884466209,-0.2173862634183768,0.1209469960187576,-0.0010567434754362,0.4489160438429365,1.0187979544298558,0.4004005413275743,-0.4579350202306744
2015-06-22,EFX,100.15,101.13,100.05,100.59,410156,0.5164681330464841,0.5192740536508701,0.342815191146794,0.5337127586002872,-0.008831288282909,0.1302492223942041,-0.8005581221328874,-0.665312523833395,-0.1206065413567436,-0.3482478049671466,-0.0011073868497888,1.0234628709295577,0.2236688077959796,0.3056134089118194,-0.6965219505161518
2015-06-23,EFX,100.84,100.84,99.93,100.22,405193,-0.261999660453769,-0.2529468389162013,0.2284324682125216,0.2633358636426444,0.0313836199460384,0.2066811116395558,-0.7751725379894643,-0.7236259732808593,0.0105058762011712,-0.3441040704594455,-0.0013701779745264,0.7360853226565279,0.5161519097067797,-0.4908356583465825,-0.8345869008572823
2015-06-24,EFX,99.92,100.4,99.281,99.3,396725,-0.6045126515000362,-0.5957863181557937,-0.0012988168917382,0.3679123545086,0.0250620054746346,0.1480424147134664,-0.8048965856990586,-0.7649656042232427,-0.3254912302449257,-0.3794254866028166,-0.0013735223157842,0.0215249323560297,-0.2625189650190218,-0.4951126557334182,-0.6521655757412204
2015-06-25,EFX,97.48,99.92,97.48,99.63,502630,0.1739037794511284,0.1806446275021656,0.0951489151906628,0.3913133843722025,0.0309861102390399,0.1326517276802223,-0.8270530935297324,-0.7593178914645136,-0.2641278888105373,0.0368450492690171,-0.0010687765465513,0.2778346375725111,-0.6051213084554182,1.64003898971793,0.4497450194331496
2015-06-26,EFX,99.98,100.51,99.525,99.9,1601681,0.1357249257791431,0.1427893607154014,0.1726312034501733,0.6721651488099446,0.044102500312389,0.138851996626424,-0.84437995725429,-0.7558979450958617,-0.2304213959690886,4.029359476807953,-0.0007211436375332,0.4875425782041866,0.1734981903221926,-0.0867700696867385,-0.7695947059652659
2015-06-29,EFX,99.25,99.7599,97.4,97.44,548368,-1.56607684632,-1.5685381375804095,-0.4467512704364497,-0.3816948013194868,-0.0435120766934976,-0.1154675634337251,-0.8440648000399148,-0.5426541051398446,-0.549174558146351,0.0148386118051407,-0.0013930275180961,-1.423129769773235,0.1353093768182677,-1.4041375195241288,0.4271089163435542
2015-06-30,EFX,98.12,98.12,97.03,97.09,635033,-0.2566240513080815,-0.2475812075838685,-0.5246596498216303,-0.6882358737133483,-0.126954419065718,-0.3081839513582013,-0.8090500645034419,-0.643902782031475,-0.3408753969523111,0.3689982375697566,-0.001426752563521,-1.694973396517985,-1.5669363494076916,-0.8194100966687456,-0.6556813345538837
2015-07-01,EFX,97.94,98.42,97.45,98.4,543862,0.8070289762410933,0.8050527892682485,-0.1709543950308486,-0.4495215094980986,-0.1415911654727056,-0.2852526421451349,-0.808793597284203,-0.5858240277749813,-0.2239751155052303,0.0381970925705046,-0.0010738929424718,-0.6775015364161886,-0.2571419535220713,0.3285315313775531,-0.7697727455943932
2015-07-02,EFX,98.47,98.9436,97.5,98.21,369625,-0.153209733343679,-0.1444492512546523,-0.2298831537081861,-0.2831166410371349,-0.1605142930982506,-0.2779406662428451,-0.8226099497890266,-0.6392060438135916,-0.0726570460793976,-0.6326835543844852,-0.0013508623553573,-0.8250737909347788,0.8067885523790616,-0.2258033401480126,-0.3662870966934223
2015-07-06,EFX,97.45,98.01,97.24,97.8,491413,-0.2929063920428106,-0.2838052288378883,-0.338727456290554,-0.1134423435900564,-0.191139617755767,-0.3022123392324881,-0.8221058645608721,-0.6339894373240307,-0.1704797200089942,-0.1974852246587742,-0.0013923286668667,-1.1617152524385257,-0.1537006575547163,0.245034139819226,-0.9351637591413384
2015-07-07,EFX,98.03,98.6199,96.75,97.95,846271,0.0624917445228126,0.0701120318623997,-0.3075286283892483,-0.0543837785049961,-0.20879632920307,-0.2882486904708001,-0.8432145105200105,-0.6451415373685434,-0.0678457164709707,1.0329460386709108,-0.0009703632356868,-0.9705681174571408,-0.2934337593397282,-0.0879726032144614,-0.0003175429062971
2015-07-08,EFX,97.43,97.43,96.16,96.29,651800,-1.0881092870296465,-1.083099214716294,-0.725230049131384,-0.5417303691988986,-0.2865131414476151,-0.4316714370020234,-0.7658251232443044,-0.5724906079597158,-0.4428591071952552,0.3018670834289894,-0.0014337251298092,-1.7943523627410454,0.0620570910025392,-0.910325943063731,-0.4921143111430224
2015-07-09,EFX,96.99,97.49,96.23,96.46,707958,0.0769205253848709,0.0844380455515252,-0.6491750929994757,-1.0359347081312604,-0.339199872598288,-0.4819826363745907,-0.709425438351241,-0.592911007561024,-0.5182182658764364,0.4431349944324143,-0.0010198993876495,-1.6806479640760188,-1.0888441012881744,-0.4391678358844893,-0.5026914853126351
2015-07-10,EFX,97.0,97.99,96.73,97.77,678890,0.812515351548525,0.810436200904891,-0.2787318580876441,-0.719235542932664,-0.3273215907999921,-0.3560423640038557,-0.7157622141382373,-0.5334952472983193,-0.4039515318739344,0.2607518940459184,-0.0010449263562836,-0.8044552449513354,0.076489635943889,0.5734244241305742,-0.5172778457444677
2015-07-13,EFX,98.26,99.44,98.26,99.3,572395,0.9412782473525616,0.936648366304415,0.1192645371338276,-0.5215256140024273,-0.2564339806045532,-0.1034011506359062,-0.7053349309085493,-0.4719719316684205,-0.0542054088772847,-0.1470621677039365,-0.0010870452296507,0.2188843430339807,0.8122763589336567,0.7733359686537301,-0.6009692776162043
2015-07-14,EFX,99.55,99.55,98.5,98.56,704924,-0.4969532207853124,-0.4879197540675722,-0.0915862846551538,-0.6034860848443264,-0.22844101922114,-0.0116982675688251,-0.7156525530613427,-0.4878576411799185,-0.015417339118059,0.2568983920913232,-0.0014242323060352,-0.2760642158608741,0.9410728455000902,-0.7776602706824725,-0.703459631328201
2015-07-15,EFX,98.44,99.03,97.66,98.63,596759,0.0112213131262684,0.0191799356383824,-0.0880058596326007,-0.3692738349562078,-0.202859206554543,0.0554577835947524,-0.7286571523855091,-0.4882640864105457,0.0027363934227675,-0.1180097589814642,-0.0010782840949089,-0.2292447575870408,-0.4975338183897602,0.1195066834047396,-0.433694606420413
2015-07-16,EFX,99.07,100.21,98.72,100.13,610787,0.9138462589646048,0.9097813505437912,0.2780908811654062,-0.0674397689926511,-0.1238208005239943,0.2467789756097386,-0.7087176389043537,-0.4224490777150934,0.2055147840862503,-0.0659936501877348,-0.0010838318022302,0.7740293482809152,0.0107732845349524,0.7820501824662711,-0.3511573133666271
2015-07-17,EFX,100.18,100.18,97.97,98.55,788855,-1.0153959156948,-1.009581630194195,-0.1323543916487122,-0.4851678980386595,-0.1236351412733033,0.196870316430071,-0.7145198084573677,-0.4237677344113743,-0.2784025503045665,0.4881106368714126,-0.0014367937899893,-0.2827527098999974,0.9136337008471376,-1.2555979424653672,0.2776086099119464
2015-07-20,EFX,98.58,99.29,98.53,98.75,415694,0.093352079725729,0.10074853247025,-0.066313372042561,0.1565588945853273,-0.1159761180816149,0.1761796992193797,-0.7309696015876026,-0.428387957425903,-0.3088778878094192,-0.697753186999882,-0.0011327438154599,-0.1489828291176011,-1.016111760998302,0.1039715753097365,-0.949915766451061
2015-07-21,EFX,98.64,98.93,97.965,98.09,596281,-0.4491003949409334,-0.4399906188117019,-0.208906699877485,0.0676645317746354,-0.1360093121768012,0.088347914865277,-0.789999825659457,-0.4471726076813008,-0.5324871276217209,-0.1411975120489403,-0.0013944333324522,-0.5104330486547304,0.0929254768335563,-0.4475805597582705,-0.7714245290425789
2015-07-22,EFX,97.92,98.93,97.88,98.84,488236,0.4430313616168011,0.4468366197688737,0.0095761854119741,-0.0702715186484735,-0.1226513314422426,0.1040307965775309,-0.8373206675412813,-0.4260711974820088,-0.3697064282132683,-0.496173344482226,-0.0011112919323497,0.1666987136804816,-0.449668509035338,0.6835245678916504,-0.70597482754846
2015-07-23,EFX,101.81,102.96,99.19,100.13,1993808,0.779558270719704,0.7780905893234041,0.3425358229085671,0.2816497194464591,-0.0622745495640869,0.2376026866803815,-0.8034989449659958,-0.3977876218340609,-0.0447192850580627,3.57374292631717,-0.0007303056865265,0.0594326123454953,0.4426959806065202,-1.273021187624956,1.5465472576905894
2015-07-24,EFX,99.2,100.15,98.91,100.04,1072342,-0.088955529468072,-0.0804569038850363,0.3129717908583219,0.375107491998868,-0.019439574073676,0.2993078910960547,-0.786348670817982,-0.4000115675521754,-0.1070384743287527,0.8619049287604984,-0.0014753457756542,0.015436091996997,0.7793106804924217,0.6134364686493855,-0.5583104498839865
2015-07-27,EFX,99.87,99.9497,98.27,98.51,645238,-0.9851631499371982,-0.9790401624747784,-0.0764777024189729,-0.0628453446332912,-0.0468625989109646,0.1678291712495389,-0.8200744164073744,-0.3327116277311267,-0.3718243354034948,-0.1757633757769911,-0.0013954959053194,-0.732504753927565,-0.0894296914924413,-1.0551583233412225,-0.1702738413039316
2015-07-28,EFX,98.99,100.42,98.2701,100.18,928280,1.0224391678164952,1.016069542892537,0.3319958064947029,0.686603077987795,-0.0045157259287931,0.2422327112976693,-0.7886795329330047,-0.4421457458187683,0.2455068934752741,0.5726390136343402,-0.0010100935555825,0.0838751236502253,-0.9858711083285208,0.8819229111209584,0.1972018858447947
2015-07-29,EFX,100.61,102.38,100.46,102.21,662415,1.2285712969574203,1.217326321403831,0.8023571578270239,0.9442428674787428,0.1060181549523256,0.4772677278549576,-0.6498065278504136,-0.3484141576600459,0.6070120144842982,-0.1804067777951686,-0.0010895529825181,1.0762410826220226,1.0222549386565,1.1751828652745315,-0.025777967805445
2015-07-30,EFX,101.76,102.31,101.12,102.16,508822,-0.0634519854734649,-0.0550756190147138,0.7374636678770782,0.7558395850729797,0.1877884226345268,0.5912586958813092,-0.5287694630055971,-0.3844935797230512,0.3937164058659904,-0.6090671520849498,-0.0013541999492194,1.0517985713173,1.2284408421035178,0.2706637367258603,-0.6205366779772822
2015-07-31,EFX,102.67,102.7,101.67,102.13,759579,-0.0512785521057078,-0.0429642101981642,0.6759296401224902,0.4950396324015921,0.2468693836937784,0.6240495856426017,-0.4404173917927115,-0.3876315168109379,0.4187288756806173,0.0414535720398542,-0.0014161109294333,1.0371330645344647,-0.0639194943119047,-0.4236864153393962,-0.7508158695571825
2015-08-03,EFX,102.31,102.39,101.3,102.0,469146,-0.1122435205295696,-0.1036423482159976,0.5844146841638067,0.6862804122254722,0.2836098218343418,0.592778176042439,-0.3898070398187562,-0.3963322659225844,0.4632337657986821,-0.7540770740961502,-0.0013569464712541,0.9735825351421838,-0.0517428852241138,-0.2552389768124303,-0.7007205990835118
2015-08-04,EFX,102.71,103.02,102.17,102.62,627484,0.3454351652729931,0.3504371863840915,0.6846415453575935,0.7801901736879535,0.3316086568030692,0.5967399679890331,-0.3234450333886318,-0.3920004311843626,0.5327393468736533,-0.2925744530897357,-0.0010833562804269,1.2490489249367682,-0.112723757761937,-0.0925190692504837,-0.9010127470439876
2015-08-05,EFX,103.58,104.0,103.08,103.52,391582,0.5130206568968518,0.515875386364906,0.8231622094379577,0.6772988983364884,0.3987751751018318,0.6492466884735254,-0.3084297101962651,-0.5108052341328414,0.9352725883243224,-0.9311025967103952,-0.0011486645784657,1.2375239081809928,0.3450743240505778,-0.0700808596944156,-0.8506593844040163
2015-08-06,EFX,103.86,103.86,102.11,102.31,470915,-0.7607030114952836,-0.7527580057123511,0.4269453251951779,0.8037055852092354,0.3980996274387182,0.5166277549503131,-0.3817107229945913,-0.4371969608100123,0.72321675422961,-0.6828938743073156,-0.001352099189619,0.6701322875054293,0.5127035342037157,-1.1538465623963687,-0.1657887256624091
2015-08-07,EFX,102.19,103.16,101.83,103.09,452506,0.4416522733288215,0.4454754872965081,0.5597440265916064,0.9002262768015087,0.4217043578144057,0.4730296258279726,-0.3775175317307728,-0.4671424909173843,0.6316684265535836,-0.7145833694816579,-0.0011332815317645,0.9657485946104484,-0.7613524142978175,0.639077388321677,-0.5161144434513237
2015-08-10,EFX,104.22,105.18,103.96,104.64,499873,0.9030788247608532,0.8992324889967094,0.89214854265308,1.3390354471108037,0.4940215909161313,0.5635362659799298,-0.2599930862282571,-0.4722420642060376,0.6223133264999987,-0.5676153776280363,-0.0011264124765754,1.2041742268978108,0.4413165325516473,0.2781523588306602,-0.6196510370275029
2015-08-11,EFX,103.49,104.42,103.22,103.53,437303,-0.6934167389941864,-0.6850863426364223,0.5366564243139259,0.8748006513775587,0.5001867876589379,0.4656673752954924,-0.2499775078563089,-0.4482973205682238,0.5731089990102612,-0.7266770832511709,-0.0013403562666909,0.7135038137912736,0.9028634577105662,0.0028850281039423,-0.6253330645259759
2015-08-12,EFX,102.84,103.37,101.82,102.67,722624,-0.5501593024816014,-0.5412542776147456,0.2599392465068522,0.406858900480982,0.464179990560205,0.2788222765744679,-0.2815263358716454,-0.413184340464485,0.4341012724720161,0.1127308024578446,-0.0014099513167322,0.299906744113343,-0.694048588625226,-0.1512076776270598,-0.3331342450692139
2015-08-13,EFX,102.91,104.61,102.6354,103.86,440988,0.6886077810771454,0.6887397905460226,0.5189976193482378,0.6349678360890357,0.4753024146860015,0.2506560017181768,-0.2428235616076718,-0.4395248732367249,0.3796201211291344,-0.7112092132707546,-0.0011341027609724,0.8417938714498575,-0.5507537801159845,0.6711297216402696,-0.0068365069697082
2015-08-14,EFX,103.65,104.5,103.22,104.48,356471,0.3386579454820892,0.343737495250835,0.6006287145551299,1.1906213048806504,0.5010456250807456,0.2657566339982045,-0.2487251809971774,-0.5460768583577382,0.7162494698077694,-0.9306805558510678,-0.0011582236955691,1.1241216184655227,0.6883364643231461,0.5786808604641678,-0.5703026526252845
2015-08-17,EFX,104.08,105.59,103.19,105.47,506001,0.5569298482537434,0.5591489803627084,0.766494698381924,1.1023510958584182,0.5523461368554871,0.3436211936152302,-0.2267633201320404,-0.5327354580891552,0.8319520402947019,-0.4745325187297567,-0.0011263273427744,1.3911405181470866,0.3382953362660428,0.9826859604160926,0.3051211753484268
2015-08-18,EFX,105.58,105.864,105.12,105.21,516837,-0.1864718157797828,-0.1776017784648417,0.6054994217876281,0.6691860338096715,0.5744516375074932,0.3307653852598131,-0.2917598863858437,-0.5562231018939493,0.8985668118386025,-0.4310820885675259,-0.0013567982381838,1.170582318639852,0.5566241802829067,-0.2910841252945885,-1.0019730829528295
2015-08-19,EFX,104.67,105.33,103.92,104.73,468090,-0.3170361342912856,-0.3079079246707085,0.4054434449852292,0.5167189291476469,0.5648720700826301,0.2389239187918747,-0.3662341009257632,-0.5416921261141068,0.7077130205726938,-0.5809543675112243,-0.0013504674154289,0.9464839848160378,-0.186971417169917,0.0169920104297092,-0.4692899879719301
2015-08-20,EFX,103.73,104.0,101.78,101.82,588825,-1.7628813588242922,-1.769530486979155,-0.3598032675707052,-0.2561027294642462,0.4360328540561669,-0.1415215368740289,-0.4175956973798942,-0.3006622789464455,0.0804034925721134,0.0208578664975154,-0.0013837375758984,-0.327333275383815,-0.3175697963863553,-1.4174657811303,0.2257720286205727
2015-08-21,EFX,101.13,101.98,99.26,99.36,712826,-1.5371678388334933,-1.539068853027988,-0.9797038055789906,-0.6769786923805203,0.2327330545647395,-0.637538161435274,-0.3815440349723263,-0.1340413551584883,-0.2673055549954745,0.536239473071434,-0.0014225770846665,-1.4041684850372922,-1.7637922028947792,-1.348640883238971,0.690148895737094
2015-08-24,EFX,96.37,97.4,90.94,93.83,1466504,-3.4980418096291794,-3.5704314229382583,-2.3378362497412986,-1.4311463650264349,-0.146032901301897,-1.4859983270116863,0.0505757002066754,0.4879796746371298,-0.8652035941736721,2.9008717449937613,-0.0016383985418794,-1.237582291869227,-1.538019800341792,-2.017616066342762,4.14652060520631
2015-08-25,EFX,96.42,96.53,92.62,92.7,1115874,-0.7827731119357803,-0.7749706335938703,-2.540260292027891,-1.701332048171721,-0.4867645338275088,-2.066866765939261,0.5251518972082465,0.4252342778670102,-1.2640570095769832,1.6605571369405892,-0.0015938575916915,-1.4892792321875064,-3.4994053102049385,-2.941195629852196,1.9239162215635568
2015-08-26,EFX,94.5,96.55,93.61,96.37,1202399,2.431804362771202,2.379223498152064,-1.5259985079806244,-0.9324776205191638,-0.6070599736551731,-1.9641625518010493,0.6741739431754634,0.669959467827935,-1.006626242219555,1.778286286009355,-0.0008095220410957,-0.671821027790967,-0.7834282722315372,1.4687293565536497,0.9511906374398952
2015-08-27,EFX,97.16,98.95,96.76,98.85,933261,1.5691616097082166,1.5484343713300692,-0.8453018866477764,-0.6839506105973943,-0.599577595129221,-1.5531012756942524,0.7136826436622169,0.8066513693430193,-0.6433234542714754,0.8268354421693805,-0.0009518788962959,-0.119424203021646,2.431987798932016,1.2878303915208065,0.2550744982915299
2015-08-28,EFX,98.48,98.52,97.19,98.45,657588,-0.2849253804258137,-0.2758352273811703,-0.9024826583669758,-0.9460801409534124,-0.6041222034400764,-1.2552095118868056,0.7583499765197486,0.8074636396348627,-0.6966701566794126,-0.0054126872393342,-0.0014281938914352,-0.2085204650812121,1.569120005669596,-0.0493319200139616,-0.4654392594507663
2015-08-31,EFX,97.94,98.76,97.37,97.9,773037,-0.3808063084068831,-0.3716518215535496,-0.9934770410430156,-0.8939756287907856,-0.6238739442730326,-1.0560389981678002,0.8124745349077661,0.8099698050935175,-0.7578186460383209,0.2979353821254872,-0.0014763754749618,-0.331027825413118,-0.28545066569232,-0.0571729058312994,-0.4080369295689058
2015-09-01,EFX,95.93,96.868,94.61,95.24,749174,-1.7245831701836667,-1.730366180715301,-1.5925794637625266,-1.053255693112864,-0.7374090653778713,-1.1380993935676134,0.9514365137814526,0.8985803160145838,-1.2236719940059215,0.2051173481130044,-0.0014899816537907,-0.9235179681092496,-0.3813566064183272,-0.5697412538747708,0.3845650130402921
2015-09-02,EFX,96.41,97.58,95.93,97.58,841107,1.4966533453006077,1.4780929857188618,-0.9089964571042526,-0.8877619548440253,-0.7285916797716332,-0.8888144638644802,0.9682786324831024,1.00097877266403,-1.010194338999409,0.3995414941616095,-0.0009379379682699,-0.4023048350607743,-1.7254840232909434,0.8905550250996614,-0.1820964172700161
2015-09-03,EFX,97.7,99.09,97.09,98.31,530686,0.4327589003174544,0.4366971878284153,-0.6674700627841161,-0.8726822353372325,-0.6866550357536314,-0.6041381190853851,0.97938390862108,1.001851510723225,-0.7416749564899395,-0.5089579471652343,-0.0010694446209714,-0.2397041568020613,1.4965928258138192,0.4453987914983881,0.1041467382315798
2015-09-04,EFX,96.84,98.21,96.57,97.01,461718,-0.8562637548628258,-0.8489933743475632,-0.930273640016304,-1.1156313789532772,-0.6982296458806061,-0.5141340902556265,0.996706490783274,1.005285741659252,-1.0336542808944604,-0.7093618608101283,-0.0013845973017616,-0.5292670084956577,0.4324208394994185,0.1063125639458986,-0.1824071989141215
2015-09-08,EFX,98.85,99.65,97.66,99.44,541438,1.526503298475404,1.5070605636881371,-0.2252569985960691,-0.7738133990045258,-0.6064735161662429,-0.1761593216391458,0.9156984196046872,1.077085445921212,-0.8973131260830023,-0.4835244210000991,-0.0010673569171338,0.0119927835162178,-0.8569380868827781,0.4246248072099204,0.0764990068488874
2015-09-09,EFX,100.0,100.5,98.27,98.5,470557,-0.6215173146593376,-0.6128567537394803,-0.4069675874025765,-0.8106007297741962,-0.565922947226952,-0.0375817386969701,0.8668752506159441,1.07427847555819,-0.8810222416789936,-0.6910489701217679,-0.0013860482687632,-0.1973834323237668,1.5264505660353296,-1.1595933282616482,0.2954793084594395
2015-09-10,EFX,98.45,98.68,97.45,97.86,920011,-0.4375152714688568,-0.4283925971922941,-0.5131999287525681,-0.6170095871997414,-0.5542806698892229,-0.0011291172805321,0.8397496718570633,1.0713269962045526,-0.8555289920155664,0.5648056860076843,-0.0015382222491841,-0.3399374516190762,-0.6221304076721431,-0.479090072892968,-0.5438146321432755
2015-09-11,EFX,97.49,98.33,97.08,98.0,616554,0.0560712495070641,0.0637362002092772,-0.3996372697141971,-0.3496615346747876,-0.5350724505122104,0.0475075844169525,0.757262161510668,1.0427162881649337,-0.9961230134282106,-0.3170342353544446,-0.0010210672189868,-0.3087537598982273,-0.4380803633173927,0.3689179391632518,-0.5283027353628003
2015-09-14,EFX,98.4,98.66,97.59,97.83,480536,-0.140994679528824,-0.1322788851665947,-0.3573788684900083,0.4129308378414529,-0.5222166071789502,0.0700660391920312,0.624359537983078,1.0305306110520291,-1.1022544602121451,-0.7095465096853999,-0.0014026784374546,-0.3466196712735442,0.0556349210530204,-0.4639640868451308,-0.6797965617628338
2015-09-15,EFX,98.16,99.61,97.715,99.43,492090,0.9852280190736784,0.979668688505596,0.1490871226009331,0.8000027895317744,-0.445618576035151,0.2521840971391834,0.3909520254213086,1.0649296182372072,-1.0085384751777076,-0.6761477276100802,-0.0010688728222729,0.0097653769647308,-0.1414824171621768,0.9511770020569528,-0.0029609487325273
2015-09-16,EFX,99.55,99.68,98.94,99.22,793230,-0.1644874226625029,-0.1556878064072216,0.1738476498359097,0.3171729735487755,-0.3903749076694444,0.3429127813132337,0.1179187252657772,1.064975331899107,-1.003637311036503,0.1199230688309782,-0.0015064082835859,0.0314298853566362,0.9850340825298276,-0.2767644574638891,-0.9697532891579314
2015-09-17,EFX,99.39,99.7,98.14,98.36,826438,-0.5726242656759424,-0.5637872736204074,0.0294936544065607,-0.2854335259224554,-0.3777810595328101,0.3057158255830877,-0.2036020563987376,1.0699079707073271,-1.060757962143205,0.1572751285694326,-0.0015462936079586,0.0073210285194049,-0.1649812889181403,-0.8092759905898247,-0.2695290601264367
2015-09-18,EFX,98.92,99.07,96.84,97.04,1205958,-0.8685044763388391,-0.8613313250517475,-0.2609358037995546,-0.4504410299181869,-0.4166431136712899,0.1435116543363875,-0.3434375171826807,0.9872128560161796,-0.8569456856946748,1.0427094217799628,-0.0017401178966794,-0.0445720444525761,-0.5732246038125781,-1.4621976274991926,0.3238669082130667
2015-09-21,EFX,97.73,99.17,97.56,98.12,416790,0.6599004995952986,0.6605106365197636,0.0463748939934969,-0.1495144336143272,-0.401999628821336,0.1514706536179878,-0.3702926360281006,0.927043011381809,-0.3507631957147039,-0.9569714094201112,-0.0010332607473026,0.6153105451726855,-0.8691820016324755,0.275179368643851,-0.2238271266285157
2015-09-22,EFX,97.05,98.55,96.74,97.73,575738,-0.2804546103615823,-0.2713710732115083,-0.1111114820739959,0.3294933712522842,-0.4027962131670639,0.1180953807284341,-0.5135614532442028,0.3424492008520725,0.4429626018327756,-0.4507263641859532,-0.0015117297159043,0.2743530087010458,0.6596216938867734,0.5030519592857442,-0.0478167351799974
2015-09-23,EFX,97.61,98.43,97.42,98.15,476525,0.2345612653428865,0.2407404521085664,-0.0716219686851417,-0.0516688818993174,-0.3841658619634693,0.1413997600935262,-0.8537867596496249,0.2980459017198626,0.695971754439833,-0.6649404891634269,-0.0009961459877625,0.3090867909461748,-0.2809787293249077,0.3916525505351608,-0.733715464381657
2015-09-24,EFX,97.19,97.75,96.52,97.39,555776,-0.5150755998415087,-0.5060807226788193,-0.2887950569936596,-0.4100921108986782,-0.3964377062014413,0.0805015444884122,-0.8922622053981887,-0.0077666547171975,-0.012031473852052,-0.3574467019198346,-0.0015068138438324,-0.3123342497504337,0.2341715001140228,0.1291557923092489,-0.5387593969597654
2015-09-25,EFX,98.21,98.54,96.77,97.45,633853,0.0053598687453526,0.0133545015393391,-0.2540828976722479,-0.0713488305231493,-0.4008769728392593,0.0519438919123076,-0.8998668110759865,-0.1795252037470559,-0.3754806859362048,-0.0762403575217528,-0.0009098230642433,-0.2784716194878602,-0.5156609250852747,-0.6109755135056162,-0.077590489493219
2015-09-28,EFX,97.27,97.37,95.12,95.33,703205,-1.3874038367611594,-1.386626458883362,-0.7813795735165734,-1.31968598166371,-0.4839465652714725,-0.1732953351525435,-0.7995092387883969,-0.0690290225032807,-0.6329115306902436,0.1314603425270711,-0.0015724637527857,-1.4749512220987433,0.0049103110614803,-1.5331579532531967,0.3757057150801301
2015-09-29,EFX,95.33,96.4,94.59,95.8,659461,0.273951167945165,0.2797344076828816,-0.6276106679329716,-0.9658764206470356,-0.5269049765348501,-0.2502412269743927,-0.7444727223268431,-0.0640344918673655,-0.4825101875935165,0.0140115306038611,-0.0008917686513988,-1.200717394334989,-1.3882167288855505,0.3461720574053505,-0.0167210272209741
2015-09-30,EFX,97.06,97.67,96.0,97.18,880873,0.8638316369904583,0.8607667747462028,-0.2827575775245775,-0.3714646921138622,-0.5025422028562142,-0.1385143692994263,-0.8331129195408864,-0.2059362875617058,0.1316820807951158,0.6773826078909579,-0.0008265638943861,-0.4245125683331822,0.2735716784782037,0.0670917967577738,-0.1591440796130397
2015-10-01,EFX,97.24,98.44,96.87,98.38,567958,0.7357798881923112,0.7350983016651014,0.028518753480175,-0.0959983183956383,-0.4327158335015572,0.0678896294723174,-0.8290056688952332,-0.3301421582641952,-0.0470707228767125,-0.2520030763493608,-0.0010093792254768,0.250448149929247,0.8636060314087147,0.8594201324335136,-0.2613264509167456
2015-10-02,EFX,96.83,99.32,96.22,99.32,785064,0.5618662790530271,0.564012064340464,0.2669578826900435,0.153721368138594,-0.3381814346645729,0.2966108710380017,-0.7994722528255828,-0.3202640008261609,-0.0165928584350397,0.3848492997579892,-0.0009452000992221,0.7791673792348206,0.7355208773672208,1.9165105177147517,1.0099312694957088
2015-10-05,EFX,100.0,101.1,98.8,100.95,706411,0.9887578949535658,0.9831226181659828,0.6496618310936898,0.1598047703509463,-0.1985202861784936,0.595743341047687,-0.6909760049007847,-0.3154047197635381,0.4290080013464155,0.1013008377019206,-0.0010009255272069,1.3662847075513584,0.5615618988636824,0.6914254081698704,0.3074772508263879
2015-10-06,EFX,100.73,101.19,100.05,100.94,757694,-0.0391632582571068,-0.0309129963664037,0.6263444823331167,0.2119440877536662,-0.0889027008112509,0.7577177027759294,-0.6147504802416761,-0.489593625155428,0.0540619106804394,0.2202619709473066,-0.001481261930416,1.3169627848655188,0.9885648792590112,0.1311923827669477,-0.6500857422395789
2015-10-07,EFX,101.24,102.74,101.24,102.73,487021,1.0710448438361049,1.06358459200819,1.0459273354172158,0.7598522253553656,0.0659601170955739,1.0037576418361382,-0.4070773505414543,-0.4422213985098524,0.463224618435152,-0.5904573251590672,-0.0010749551593317,1.4388000018401996,-0.0396244308225097,1.0856170711238802,-0.3744321554465943
2015-10-08,EFX,102.55,104.93,102.216,104.7,558807,1.160894094904097,1.1513218965376089,1.4747779720636038,1.3981740731936143,0.2615099445716426,1.3053172553043229,-0.1003889757166947,-0.3848418277502197,0.859050729680638,-0.3304603837356978,-0.0010611999802634,1.3689366096772395,1.0708732945844337,1.557655541734491,0.5690112656689355
2015-10-09,EFX,104.7,105.72,104.26,105.48,498632,0.4308174168230974,0.4347806601521384,1.5763071818663028,1.3688800334989677,0.4404090820548552,1.503706356672481,0.1770292526712117,-0.3816907072524342,0.9534964216869934,-0.5012014873083133,-0.0010906881483615,1.3711982877736424,1.1607459848957364,0.5365334245529166,-0.4377625180997999
2015-10-12,EFX,105.39,105.8999,105.21,105.78,533386,0.1440745982980724,0.1510702427086356,1.5438043088229156,1.5260188977381448,0.5855486465557939,1.575521078068694,0.397805747786379,-0.3910779351722725,1.026002235310196,-0.400305986220567,-0.001088537484965,1.4076380014931136,0.4304788495244457,0.2532659162920329,-1.0477725766210466
2015-10-13,EFX,105.19,105.85,104.01,104.08,586792,-1.0335506256531692,-1.0279289571419263,1.0312409765065516,0.9673425444908268,0.6247701244285383,1.3603415235438026,0.4972637867534669,-0.3313077936425286,0.5193625882563843,-0.2486716788184789,-0.0014033906193309,0.9079776496197768,0.1436612275412822,-0.8235642124965948,-0.1179651278176087
2015-10-14,EFX,104.12,105.3699,103.845,104.18,665674,0.0268214410937453,0.0346815528771871,0.9895239128290596,1.195514994240806,0.650593217931721,1.153710669204669,0.5831918473425621,-0.3368425536250432,0.5667025061525689,0.0125645687868872,-0.0010492244133791,0.9373694350240932,-1.0342712070302489,0.0172207821230089,-0.3714498712683305
2015-10-15,EFX,104.77,105.8599,104.13,105.83,503605,0.9530450576648856,0.9481692625910686,1.3193196153917122,1.3503419897549724,0.7259307780947308,1.1158553705432646,0.7104119561604668,-0.3299980286030979,0.9479004893070894,-0.4488238396898779,-0.0011058711871353,1.4223338941952697,0.0263774821545496,0.7380710817701849,-0.2290319938367439
2015-10-16,EFX,106.05,106.7,105.64,106.36,850595,0.2787941853735755,0.2845270482657458,1.329330012620244,2.060066781202427,0.7956271868244449,1.0710509049350891,0.7929750624897616,-0.4254538012633582,1.243061400564676,0.7276292713374094,-0.0010224485023095,1.3495491301672498,0.952842725455473,0.1945326089732752,-0.7607361702723928
2015-10-19,EFX,106.25,106.9,105.77,106.86,500982,0.2596799512063759,0.265609481862806,1.339407041516108,2.0615115686343803,0.8589424149480244,1.0187822834179272,0.8906164882438199,-0.4395384648935283,1.1407216111340066,-0.4226705578186445,-0.0011225191105203,1.432077187489578,0.2784159593190802,0.4074395804196302,-0.7100290181844278
2015-10-20,EFX,106.92,107.94,106.41,107.67,615521,0.4389205803232607,0.4427792727655882,1.4130295369181047,2.0329949338793263,0.9285978128592572,0.9932868740940336,0.9752571161229544,-0.4606359857769352,1.3262742240546954,-0.058262247394659,-0.0011011699097758,1.3756481143569714,0.2592967387643479,0.5036482721004395,-0.4070430910026454
2015-10-21,EFX,108.0,108.62,105.7,105.9,943293,-1.056463363312531,-1.0510925567598874,0.8527002815913317,1.3411878697385764,0.90204638263334,0.7252558271734262,0.9721006586043556,-0.3254542918322989,0.9921843724179344,0.8899637274241233,-0.0014490932301488,0.7984187534870001,0.438584126921148,-1.4953790400859557,0.7066487989546312
2015-10-22,EFX,104.4,105.84,102.23,103.29,1581918,-1.5674009332432923,-1.569888222224725,0.1054177946092217,0.5352962016156976,0.7677398207842726,0.2334711358020834,0.8759344913484786,-0.1387474771834586,0.7222513813088841,2.5163276555742664,-0.0016166252470396,0.1800214753170141,-1.0571899220041296,-0.8295970252618935,1.3214508272354086
2015-10-23,EFX,105.29,106.99,103.9495,106.03,1093435,1.6185386916380466,1.5962901419256017,0.6942598592096623,0.6782020334745951,0.7586934450411125,0.1624609454357045,0.804786434858317,-0.0072485552944871,1.1256025255807274,1.0080177194827031,-0.0009440107992941,0.8292201504839716,-1.568260781749507,0.5046770954436973,0.7985457815871447
2015-10-26,EFX,106.18,106.71,105.6,106.66,980956,0.3369234478858037,0.3420227230910435,0.7059159759169308,0.7535958687434245,0.7657944330783237,0.147215829542623,0.5868969079235672,-0.1936043073154092,1.578024005314899,0.6425056921948163,-0.0010007758590746,0.9784884590077604,1.6185099687467206,0.3152247646193605,-0.7240038747923366
2015-10-27,EFX,106.55,106.99,106.17,106.92,752680,0.1187674085668112,0.1259681421318934,0.6267735119695149,0.5660822834950339,0.771069927341911,0.1303209472800222,0.3315980517900038,-0.190919989203725,1.5372665851926188,0.0043424173615812,-0.0010719603530609,0.9950888461982548,0.3365603861861728,0.2360406571170052,-0.9521590594040634
2015-10-28,EFX,106.95,107.08,105.56,106.85,709217,-0.0737560750840706,-0.0653290601769513,0.4842318584807336,0.2494017179431816,0.7620157178584015,0.0799206307052508,0.0965800459451433,-0.2047613369348951,1.293923892459922,-0.0913792491907369,-0.0013942725938067,0.9683786456385922,0.1183474358476165,-0.0969587062173617,-0.4057543528632268
2015-10-29,EFX,106.62,106.805,105.91,106.66,469577,-0.1437028949443521,-0.1349769864209629,0.3306710348586394,0.0618573698090996,0.7371688583828068,-0.0010496317698,-0.1262765168226434,-0.2110868796309117,1.0685936948475985,-0.74251066393976,-0.0013488571018279,0.917443605951974,-0.0742262719812378,0.0020277692206061,-0.891998293524466
2015-10-30,EFX,106.66,107.5,106.46,106.57,734392,-0.085529545535034,-0.0770467384464332,0.2162523413029927,-0.0184665287185739,0.7041227085055006,-0.0869306740962164,-0.3489778079334981,-0.213927705622092,0.904587931559465,-0.0013160330739216,-0.0014153207789468,0.7489304678998977,-0.1441913390779741,-0.0900673540089435,-0.7780134584792865
2015-11-02,EFX,106.57,108.15,106.57,107.67,646646,0.6096223415634452,0.6110388434823476,0.4051385080987245,0.6215533564498692,0.7113286960873555,-0.0520271990625283,-0.4726781294963149,-0.24785431616796,0.8101715174812636,-0.237976282282312,-0.0010806407011913,1.0743872165370665,-0.0860028138127106,0.7535179586369829,-0.3683411038758002
2015-11-03,EFX,107.67,107.67,106.37,106.72,612332,-0.5823146612707946,-0.5735095476829443,0.0964882796865307,0.3494172277080847,0.670229515814835,-0.1484410895378609,-0.6865644657773633,-0.2109150735106127,0.6735004251237426,-0.3164686164106252,-0.0013877092535026,0.5870596571873646,0.6093304196412028,-0.6929293111633812,-0.576114781617122
2015-11-04,EFX,106.99,107.4,106.2,106.35,548851,-0.2488456858035219,-0.2398181028007882,-0.0402713258146084,-0.0675861701873687,0.6143189103538895,-0.2636965553801467,-0.8084774025020344,-0.2683979366557658,0.3500477193846901,-0.5022422917679388,-0.0013798417173016,0.2645695563786321,-0.5829175273699612,-0.4782573163719437,-0.6509474899873127
2015-11-05,EFX,106.33,106.77,105.6,106.09,388668,-0.1852018705047307,-0.1763356900201606,-0.1218318720849445,-0.253406702348031,0.5517208544993281,-0.3731143102452572,-0.8334243321513952,-0.3592595532001031,0.0275020744561175,-0.9392055142847312,-0.0013448671339242,0.1267317584949967,-0.2493615588519989,-0.1968463019926809,-0.672209888955386
2015-11-06,EFX,105.7,106.75,105.25,106.06,566977,-0.050601294488761,-0.0422904728217891,-0.1364221925759918,-0.3874026543935888,0.4935453520256319,-0.4492649378675537,-0.8389578925840664,-0.3737203662876492,-0.0867204203173686,-0.4399670884361795,-0.0013974295269026,0.1111252724037168,-0.1857011406004363,0.2310026795878735,-0.412639297626983
2015-11-09,EFX,105.64,106.3,104.0,104.91,399676,-0.7080549071226526,-0.6998020590424407,-0.4101809843585093,-0.8544649610713867,0.3959217924173057,-0.6117240599468021,-0.8210086798115259,-0.3404709858823085,-0.2882681964604259,-0.9026601712998416,-0.0013582146278866,-0.4871233610953265,-0.0510654509289435,-0.548399125325853,0.2358038875080723
2015-11-10,EFX,104.85,105.46,104.17,105.44,418073,0.281528405277788,0.2872326631067906,-0.295767852356677,-0.3124291787716193,0.333868138484882,-0.6501350327226688,-0.8720419663095921,-0.4145754209731844,0.0244303076366976,-0.8357059418348366,-0.0011166393328205,-0.2114087734827248,-0.7086905754564672,0.3988198654036533,-0.571694646213028
2015-11-11,EFX,105.72,107.29,105.28,106.72,527692,0.7227919690706464,0.7223378526463518,-0.0108248626877436,0.8582814787479036,0.3295701583943295,-0.5322017007160893,-0.930883769771455,-0.3757661187725626,0.1905940406555743,-0.5036284418590087,-0.0010904981258549,0.45446796641186,0.2811508925074307,0.6883238687487895,-0.0216544185545234
2015-11-12,EFX,106.27,107.62,105.65,105.95,504933,-0.4821966509406129,-0.4731356954878315,-0.2024531188843465,-0.2196830455947336,0.2908117066771164,-0.5265556958540898,-0.9323942228879484,-0.4281018264362594,-0.1508239596136457,-0.5702148389660933,-0.0013807821023923,0.0539014900690262,0.7225295700481834,-0.2538179270788366,-0.0417109439409334
2015-11-13,EFX,105.47,106.17,104.48,104.67,322361,-0.7851460005616622,-0.7773593207122419,-0.4979652505178417,-0.8928752628084731,0.2056533637264322,-0.641471413243169,-0.8944198824910541,-0.3933688715376488,-0.4008378813224547,-1.0658592788171046,-0.0013354731378274,-0.6119752498255583,-0.4827733989544752,-0.5993840404570988,-0.2457038355247434
2015-11-16,EFX,104.7,106.99,104.66,106.95,423205,1.3231549600700945,1.3094544353223347,0.0643761871365797,-0.180450971868948,0.2236216896421394,-0.4679577167782682,-0.8925750560229345,-0.2554442977404259,-0.1551075930157839,-0.7522518031484446,-0.001116713653601,0.5741176931116703,-0.785801779879984,1.5972891474363062,0.224330162326216
2015-11-17,EFX,106.83,108.57,106.7,107.53,542314,0.3046352028498863,0.3100930000406213,0.2094583366934621,-0.0045016016449264,0.2560403693839926,-0.2919517976151287,-0.8983442080550262,-0.2633892747623902,-0.1865734197840865,-0.3794266150033835,-0.0010882645409719,0.8758430908764029,1.3230491795397563,0.4687339931155351,-0.1419850476688178
2015-11-18,EFX,108.06,110.66,107.46,110.56,811289,1.7213223203882035,1.6957885240058244,0.8984687786695197,0.6497674228954572,0.3947335843586808,0.1224017619294646,-0.6764345420555216,-0.1461937465900533,0.4787867023689665,0.4714963425187799,-0.0010238436327635,1.4034459937416133,0.3042637180190387,1.7215963022008822,0.8208572629430635
2015-11-19,EFX,110.04,110.1562,108.8,109.88,466860,-0.4159145081297922,-0.4067735848672392,0.6471541795625936,0.4934868887937169,0.4707643100776791,0.2925924409316371,-0.6803239707437062,-0.3353957458016418,0.7695388439347567,-0.461120365259906,-0.0013594493590708,1.0564900182378678,1.7213204109700453,-0.136170109793856,-0.5626847172254098
2015-11-20,EFX,110.04,110.46,109.5,110.22,522815,0.1596480482253064,0.1665124288921604,0.6776704918768856,0.3663185757164097,0.5365193218843726,0.4022954734155635,-0.5754275092626759,-0.5182040765506993,0.4128931576326574,-0.1822451254533277,-0.0011062357901808,1.2232631551246145,-0.4164739649224808,0.0972687029520551,-0.8654372638433041
2015-11-23,EFX,110.0,111.37,109.74,111.04,717498,0.430182969367409,0.4341543550198751,0.8231974933340999,0.7608957296111639,0.612149639804162,0.5154767673382186,-0.4405645918184049,-0.513459108724784,0.4356271838923362,0.5718369521894522,-0.00106419502202,1.2940348027551631,0.1592387401610561,0.6879912361171238,-0.3679305226362907
2015-11-24,EFX,110.11,110.67,109.0,110.05,591958,-0.5880704047555311,-0.5792849485690613,0.5415076277182517,0.588591634900073,0.6242332256755011,0.442453608116174,-0.3811232048865968,-0.4753524485679508,0.2624603865423242,0.1458575160531115,-0.0013810873108966,0.8475029544419889,0.4298442365585488,-0.0674854465918453,-0.3266329869356128
2015-11-25,EFX,110.33,111.34,110.05,110.98,521338,0.4931282174996655,0.4962609364934625,0.716790863211664,0.791807830738101,0.661093477126421,0.4478097914196144,-0.2929333318798373,-0.4623564855175351,0.4001922080854102,-0.0816680566632956,-0.0011144432688218,1.266972266493758,-0.5886747723727445,0.418790494865569,-0.6225934212159394
2015-11-27,EFX,111.27,112.42,110.77,112.32,248935,0.7187229175546614,0.7183395253232704,0.971854111852072,0.9637911566475972,0.7328975108626546,0.5420394321209969,-0.1584817530121738,-0.4367853000295201,0.6118767937130326,-1.0874597436271376,-0.001184168529021,1.4033991614869148,0.4928059054062669,0.6866283077640181,-0.3670324309136641
2015-11-30,EFX,112.61,112.63,111.43,111.5,799926,-0.4875151914565578,-0.4784637365931858,0.7103845379074653,1.0501174560240527,0.7472214642822955,0.4694704074446604,-0.0951878319922615,-0.409863166383433,0.5119327258564117,1.0112045873513074,-0.0014269357429065,1.0076151209866284,0.7184594570265388,-0.7710326642381486,-0.6943819159653243
2015-12-01,EFX,112.38,112.74,111.68,112.52,486537,0.5365393672491933,0.539057418303796,0.8969041880702623,1.1018858365259443,0.7879370560818689,0.4793468105716369,0.009184867610283,-0.415379829515265,0.4940793348970594,-0.1572806011277173,-0.0011226899074309,1.3592037020513132,-0.4880933269340186,0.0678038435435682,-0.8062073789211637
2015-12-02,EFX,112.55,112.84,111.86,111.96,617676,-0.3428476338729241,-0.3337008833450613,0.6957707919057892,0.8109557415094834,0.7873925914722425,0.381045258151934,0.0569596814508525,-0.4380860818997984,0.5536392372821062,0.3500909997297087,-0.0013887609440833,1.1119647529904624,0.5362283799524878,-0.4223676680885165,-0.8618308469109988
2015-12-03,EFX,112.07,112.33,108.91,109.35,666316,-1.4843490072468586,-1.485262552157274,0.0284656443684844,0.3907419261704143,0.6747684532958906,0.0139128658638784,0.0281833207337816,-0.2540947364821161,0.2468121763334036,0.5098644816670845,-0.0014090140588655,0.130503914446921,-0.3433880294912199,-1.859999567152255,1.0152214897468763
2015-12-04,EFX,109.78,112.22,109.78,111.77,441504,1.3448224365693264,1.3305401036721995,0.5423011260194097,0.9467037451219874,0.6713189515339467,0.001220586764759,0.0275489188979347,-0.1487446589613744,0.6188327992189195,-0.3603119582768619,-0.0011254900112581,1.0405174122535772,-1.485187189748318,1.3432230052515697,0.2280524664536719
2015-12-07,EFX,111.54,112.13,110.51,111.43,227888,-0.2223825756589813,-0.2134141981419144,0.394543199819003,0.6119742124065042,0.6460607562189097,-0.0650684382919297,-0.0004446218193473,-0.1424278093324111,0.5761282823584883,-1.1463235983108062,-0.0013007608753929,0.9126642761981008,1.3447223084984978,-0.1008252147209382,-0.3796915565304434
2015-12-08,EFX,110.68,112.26,110.26,111.96,441059,0.2631249286277937,0.2690194406722962,0.4353784312933913,0.6054451700978638,0.6378530262906064,-0.0742120539490293,-0.0882309174201765,-0.1929685731128881,0.8194658975304827,-0.3133880460636893,-0.0011279532637055,1.1054762432021794,-0.2228915451966324,0.8474301513987517,-0.1025625702004979
2015-12-09,EFX,111.28,112.01,109.71,109.91,452963,-1.1729476049674314,-1.1689863338487922,-0.1088682049372647,-0.3129502336113561,0.5427170545530953,-0.3052787444553728,-0.2048749650243413,-0.0766311246104399,0.4551413767949247,-0.2726742160960135,-0.0013558819435298,0.2778246966059804,0.2627426148873467,-0.9564562495411926,0.1526846178969509
2015-12-10,EFX,110.14,111.88,109.64,110.97,379389,0.5674363084039802,0.5694988740880897,0.0931789442776958,0.0138884091909008,0.5015602656468816,-0.3511906094835521,-0.2699584408992814,-0.0879353952052444,0.4173978202735127,-0.5388228143848028,-0.0011438883945352,0.6993118293439052,-1.1737045512521322,0.5430313852557168,0.0909643279932219
2015-12-11,EFX,109.53,110.15,107.33,107.78,590346,-1.8226972201307736,-1.8307486939266149,-0.688753090349929,-0.5738541072336469,0.3378085660004662,-0.7034772913271543,-0.3537787486830618,0.1172413020463911,0.0861935138884785,0.2787710400779847,-0.001391190679035,-0.5691258625749404,0.5671333812848799,-1.2334344549066618,0.5892404247066745
2015-12-14,EFX,108.03,109.3,107.2,108.4,712163,0.3251407471609446,0.3303727629558113,-0.584693247661567,-0.6099068304182675,0.228109016729649,-0.8461773322222191,-0.5771277293388242,0.0790240530439485,0.3558901058274932,0.6556645372848393,-0.0010534629906048,-0.3614447228981474,-1.8236236685442055,0.2324463900819412,0.0232130407920953
2015-12-15,EFX,109.41,109.99,108.61,109.24,811507,0.4494463139483539,0.4531676557395293,-0.4118459252567679,-0.3191926582052637,0.1705677249630751,-0.8260829080066834,-0.6782646172798273,-0.0110758212523972,0.1469896084638434,0.9241816903441524,-0.0010408299785989,-0.5061527681317076,0.3247746116728752,-0.1437080459398733,-0.5385008878480074
2015-12-16,EFX,110.42,113.2,109.96,112.95,962192,2.081406365587316,2.043107409565483,0.4039129235150859,0.0859696478857286,0.2662103786543397,-0.4157145300284626,-0.720734134710791,0.2261030251961593,0.5727917975149284,1.3465331029112524,-0.0010195751379083,1.3043711881327824,0.4491126064259067,1.7047649240230454,0.7993302278894415
2015-12-17,EFX,113.05,113.82,111.74,113.2,954077,0.1048039514117264,0.1121134867364797,0.4312219568019964,-0.0594788124130751,0.3461603180309487,-0.1278126041477701,-0.6641295915735899,0.0686904759410459,0.1832148984095865,1.276596097817433,-0.0010379219346206,1.1315505719490315,2.0814983923728256,0.0739290729761937,-0.0599724228420275
2015-12-18,EFX,112.98,112.98,109.575,109.63,1629484,-1.9964341514432653,-2.0089027685570167,-0.4109361902277987,-0.430966889356052,0.2642790361291121,-0.3140418411517252,-0.6586219356216475,0.2912945254531019,-0.2008919240447347,3.1113179464852183,-0.0015684327137819,-0.6610971755841626,0.1043803360036297,-2.266522607568842,0.9971612362168518
2015-12-21,EFX,110.6,111.49,110.07,110.99,731314,0.7393375426280074,0.7385931886353077,-0.0980852900313635,-0.3840585943543355,0.2483521985484407,-0.2932596264525931,-0.663009988890769,0.3209105113470846,-0.0648763043751623,0.2324307536113491,-0.0010770850110388,0.0218162520475286,-1.9974059231304784,0.2400957114653245,-0.5250654963983724
2015-12-22,EFX,111.48,112.37,110.5,111.64,477091,0.3316108978806026,0.3367702941332171,0.0486000418070296,-0.2296314086483517,0.2566565086837769,-0.2142632976021688,-0.6582392998785456,0.3167678091523317,-0.0881187930935962,-0.5309738863173629,-0.0011407449837991,0.3482086990773841,0.7390794598988882,0.0821180170111628,-0.1953421120820618
2015-12-23,EFX,112.04,112.93,111.5,112.89,551834,0.6640887551677771,0.6646299375441448,0.310200828804713,0.2885859636784415,0.3071949802290034,-0.0423562300976109,-0.6337354111110742,0.3187826359020165,0.2115307797926901,-0.2883730342429174,-0.0011289503974052,0.9758864818271008,0.3312464502801357,0.5468628260322208,-0.5356287205148811
2015-12-24,EFX,113.04,113.35,112.39,112.75,291993,-0.1102050540340833,-0.1016125111794021,0.2559076186083312,-0.0413695783309855,0.3361660421861174,0.0396552829008919,-0.6097834190545669,0.3087866575258925,0.0667561792064176,-1.0980673231007778,-0.0013005318569259,0.9055865701591324,0.6638110420620308,-0.2201419020270742,-0.8817254517111405
2015-12-28,EFX,112.55,113.2,112.14,113.07,461685,0.143700826123857,0.1506995736128305,0.322458919563952,0.0583019796870141,0.36580668778559,0.1069879900685004,-0.5895286946917374,0.2821669770752165,-0.069409712010276,-0.5732923941746774,-0.0011493364196489,1.0662720825430565,-0.1106847594855888,0.3227454507752926,-0.8100263767542607
2015-12-29,EFX,114.25,114.4599,113.02,113.61,779776,0.264336054314819,0.2702182105047065,0.4244967397982701,0.0596826014442232,0.4041937201453646,0.1833672047579217,-0.5425087210422894,0.2716671087121098,0.1104478887059483,0.4441024489644319,-0.0010901379914929,1.053724371461417,0.14328735786,-0.4495388047075591,-0.5350568168290093
2015-12-30,EFX,113.73,113.845,112.555,112.77,916167,-0.4933142500652179,-0.4842736766901692,0.2234345594603778,0.2704814049362393,0.3953040317090492,0.1227811110308818,-0.5369726777533655,0.2700458647398762,-0.1348459740677836,0.783429543695157,-0.0014126247548639,0.6691030279922637,0.2639540565243584,-0.6640525374373095,-0.6379700954360752
2015-12-31,EFX,112.5,112.72,111.35,111.37,708163,-0.8059077438409962,-0.7982632254132944,-0.0996942861455065,-0.125899021664742,0.3276874897481521,-0.076849673962835,-0.5403631044195043,0.2979030648502602,-0.2448712353132706,0.1264482714981122,-0.0013826131067989,0.0280674555436814,-0.4938938983604717,-0.785192259577538,-0.5661198301166691
2016-01-04,EFX,109.92,110.24,108.345,109.45,1198452,-1.1063140999545549,-1.1015190450648595,-0.5536684291309987,0.0936337960349659,0.1945987297764581,-0.4050786640385568,-0.5435972645314378,0.244828675626816,-0.154046177405289,1.4868034733133566,-0.0014920434941548,-0.8510670438143801,-0.8065689393374885,-0.3493636671702891,-0.1483734361010075
2016-01-05,EFX,110.17,110.77,109.16,110.11,1078049,0.3424293086985171,0.3474658050561217,-0.3786394655004849,0.0997398905197568,0.1121111574486824,-0.5374152701836652,-0.5342743019984858,0.1418121792094454,-0.3856005267053118,0.9912164251944284,-0.000996284613756,-0.5488645596600482,-1.1070536633571717,-0.0674630254813413,-0.3727353663684059
2016-01-06,EFX,108.42,109.68,108.24,109.23,575055,-0.5305627763070692,-0.5216050997465683,-0.5608003327700839,-0.1906759120532995,0.0102914342834245,-0.6930451785598924,-0.5034125962755827,0.1525741048166308,-0.4574384406968892,-0.4632877351509697,-0.0013634371231033,-0.9518012051991576,0.3420676833292918,0.538126780449414,-0.4926253978285119
2016-01-07,EFX,107.34,108.44,105.14,105.29,1087923,-2.278685576553477,-2.299427567121328,-1.4166923092248622,-1.462664618238682,-0.2245700500857009,-1.1599963083368978,-0.2747559463618724,0.3941903079880141,-1.042425907263164,0.8206447612816791,-0.0014814973597978,-1.8278014353835803,-0.5311521417369587,-1.4692190995686218,1.020745957227746
2016-01-08,EFX,105.75,105.93,102.04,102.24,1421266,-1.83646279555113,-1.8448455663212648,-2.05522334179786,-1.7627067098890603,-0.5263626997574293,-1.7058368794531429,0.1258581443662206,0.4813178067112111,-1.1923685410664455,1.4763607399401135,-0.0015840306139792,-1.8277728608952688,-2.279730980015572,-2.5339928242659475,1.5796066762439724
2016-01-11,EFX,103.02,103.12,100.75,101.83,1380238,-0.2826614907670455,-0.2735746476247943,-2.0520472538776136,-1.5128385601440466,-0.7744402322099918,-2.004247549309082,0.4488535787403765,0.4455861701596217,-1.377128770904471,1.17715008706521,-0.0016206604354154,-1.6194397475587503,-1.8373928350314632,-0.8990269404969891,0.3483582792597051
2016-01-12,EFX,102.47,103.15,100.96,102.42,1186126,0.327725179811517,0.3329282677916579,-1.851409945810957,-1.711036099497895,-0.9386990434253452,-2.0272281396362937,0.6564382021120014,0.3298683755229467,-0.8978527654329022,0.6320405847889635,-0.0008667050214935,-1.476384939931337,-0.2831861854458741,-0.0631818700506868,0.1907155618387973
2016-01-13,EFX,102.84,103.73,100.63,101.04,1011401,-0.8718565365884858,-0.8647104398979871,-2.1002746123272686,-1.992220692779893,-1.112063073670884,-2.0690492889389183,0.9183759350813626,0.3376387434454377,-1.1646448874894928,0.2003147572744959,-0.0015250694474152,-1.7827543915264823,0.327359718532136,-1.3486931872688903,0.9656502037146748
2016-01-14,EFX,101.0,104.15,100.35,103.46,1263176,1.4581406428802015,1.440698698541327,-1.4532270235475968,-1.6916757115396577,-1.142738057515889,-1.735227059283078,1.033922012317659,0.4616013385331615,-0.9445572885631812,0.6912297804626975,-0.0008501152845593,-1.1486112295726616,-0.8725349363441222,1.8138556421627876,1.4697167418097692
2016-01-15,EFX,100.68,103.3,100.51,102.86,953680,-0.3940517408976928,-0.3849000310607982,-1.4825290693484103,-1.7267212637223572,-1.1787695990469813,-1.4819569628313158,1.101386883067139,0.1652492540612412,-1.479449367951519,0.0219461844970013,-0.0015023783488659,-1.2899665136260905,1.4580700764693502,1.609588213247748,0.6692341121540805
2016-01-19,EFX,103.94,104.3,102.93,103.86,1054374,0.5722736195827444,0.5742635184614885,-1.1320047787186904,-1.5713868587530044,-1.1563358446659682,-1.1288522204497209,1.0959902172844966,0.2001089053322408,-1.3792470248126942,0.2278879529203883,-0.0009259881733261,-1.05437437353704,-0.3946054942847936,-0.0844668569238438,-0.4919884749951376
2016-01-20,EFX,102.2,102.82,98.4042,101.68,886474,-1.3397794220898325,-1.3382288719126765,-1.570408829020985,-1.841584470641612,-1.2120762859866876,-1.0475874605420028,1.217112759584246,0.0923035863780223,-1.2324962753610196,-0.0551352455466889,-0.0014817182088249,-1.2030792334671174,0.5719719543875037,-0.4107287649783168,2.0280365033954646
2016-01-21,EFX,102.0,103.32,100.88,102.62,862969,0.542560165137362,0.5449906312740055,-1.2435044833927589,-1.588432061359036,-1.2070388419240334,-0.8261344219069375,1.2601222013844646,0.0705691383601156,-1.2750219489786565,-0.1219252827751383,-0.0009881106100228,-1.0084610825801468,-1.3405798902904873,0.4329197903168906,0.3902751689129214
2016-01-22,EFX,103.87,104.87,103.71,104.84,709415,1.313845150154736,1.3003924034888334,-0.6183869233405085,-1.0560507500038436,-1.1046396726353354,-0.3983645863116881,1.2169591681788934,0.195202986740839,-1.0620356806759237,-0.4839501922843541,-0.0010509999376879,-0.5488309815492148,0.5422507485042398,0.6792310721901302,-0.6692006947606889
2016-01-25,EFX,104.63,104.695,103.72,104.14,1024027,-0.4486830542020754,-0.4395727757083936,-0.6851661730595195,-0.9350776363087356,-1.0407357207381442,-0.1552347447208711,1.1208142298567532,0.1489775382751654,-1.305817885893924,0.1515859078095679,-0.0015015564305616,-0.6937593917841939,1.3137369409463937,-0.3801383488917755,-0.811053706936386
2016-01-26,EFX,104.31,105.38,104.01,104.85,691143,0.3914634021565838,0.395919707848558,-0.413772030689678,-0.926294346224688,-0.9528610316543508,0.100969393423079,0.9902565702598992,0.1727646329380709,-1.19651234833717,-0.5929451973776996,-0.0010500352341086,-0.5467605756887169,-0.4492510594235511,0.3648057191737145,-0.5023684661049881
2016-01-27,EFX,104.71,105.18,102.47,102.98,828403,-1.143368290284329,-1.1390278195891823,-0.7547683523470423,-1.0256589389481523,-0.9475876753515172,0.0933182953102113,0.8348446861926277,0.204901816237249,-1.478056985443437,-0.3372418826232402,-0.0014586550483965,-0.9339264716021578,0.391114568458223,-1.2745697103199058,0.6018566049932569
2016-01-28,EFX,103.56,103.68,101.65,101.77,931550,-0.7645189151946469,-0.7565979825537371,-0.9129093939788456,-0.726924844497478,-0.9814118502142536,-0.0134389553513041,0.6121015940094353,0.1940697066133286,-1.6980530107739678,-0.1394374656918152,-0.0015060325173444,-1.1566945901610162,-1.14411752012459,-1.332203915061259,0.0710711498870445
2016-01-29,EFX,102.76,105.86,102.22,105.8,1238064,2.432365960675049,2.379760743944027,0.1831473280271449,0.328738986012744,-0.8416091547514771,0.3480678194175843,0.3280413687341407,0.5836892410293744,-1.0752117208650664,0.4467459174167479,-0.0008560556721815,-0.1639707594726912,-0.7651693134634112,2.2087693472363754,1.2759797612082506
2016-02-01,EFX,105.05,107.39,104.74,106.92,986687,0.6260682480485602,0.6272253398364918,0.5213857731777445,0.5261837630015184,-0.6805869620490039,0.6918918598421931,0.110881149084982,0.5969091116217912,-0.7543059463602189,-0.0861686038410714,-0.000972243181148,0.4079195163040967,2.4325495433415902,1.3185843368186947,0.4742697856617971
2016-02-02,EFX,106.01,106.51,103.29,103.75,854570,-1.8788432079459532,-1.8882661130648872,-0.2043220788355271,-0.022591129827641,-0.6716864197325714,0.575392582803895,-0.0474008933060377,0.6937323566706363,-0.9323315157662349,-0.3192287083242199,-0.0014561575291032,-0.4442417246744665,0.6257806164192139,-1.6369856807731211,0.9952550545706438
2016-02-03,EFX,104.49,104.84,100.87,103.17,766812,-0.3810409755738694,-0.3718865132560915,-0.2635525957212443,0.0868702841388911,-0.6813014620640981,0.4345343650280747,-0.3084300043873988,0.6811393451890178,-1.0931390481352017,-0.4719355918893259,-0.0014501958721201,-0.4763129511674648,-1.8797843033314376,-0.9807462227066402,1.6156472238170976
2016-02-04,EFX,103.12,104.16,102.6,103.67,584117,0.2687294464247824,0.2745665866163736,-0.0665775555411654,-0.1592867337824615,-0.6632937394854972,0.3929483121708168,-0.5870872144822395,0.686610836274634,-0.9150482700641758,-0.8470887112935769,-0.0010718848723527,-0.1370995189564682,-0.3815913348036404,0.3766458409050837,-0.3372316798259043
2016-02-05,EFX,103.27,103.76,99.53,99.88,1048950,-2.3090446792975974,-2.3307579113927197,-0.961594792639179,-0.5545324292338298,-0.7907610676067168,-0.0147708063193006,-0.5057541200377603,0.6925678350796055,-0.9220997333981412,0.1098362082842327,-0.0015316852526197,-1.3353494908342405,0.268348594751684,-2.506422599987875,1.9382299065192017
2016-02-08,EFX,99.12,99.3,92.81,93.9,1684391,-3.760499689842834,-3.847452116326011,-2.385656107505695,-1.2009303103599036,-1.1159585778598111,-0.8499001860698316,0.0963428181091475,1.1162773393308705,-1.3654994749765577,1.36911271355867,-0.0017606770418592,-1.6327871559071985,-2.31009800262978,-4.005133323833347,4.168869664388486
2016-02-09,EFX,92.65,94.22,92.26,93.22,1781725,-0.483852970623945,-0.4747949247217393,-2.459170571845561,-1.0954137769522136,-1.3861591364392911,-1.3764424830137347,0.5544941443024454,1.1178209601748006,-1.409264157342365,1.4951152268793957,-0.001916330325971,-1.6703831371369329,-3.761931658592117,0.438492057256222,0.1609619192077414
2016-02-10,EFX,93.94,95.51,93.01,94.52,1549245,0.8352237461368037,0.8327134467248813,-2.0318697479614416,-1.0456284479819378,-1.53315558263372,-1.480551056201128,0.8167421146381741,1.1524686415132723,-1.3003000428088465,0.9793438867517956,-0.0004692454030776,-1.384762780317684,-0.4844301507268853,0.4401517841791741,0.6129942122826818
2016-02-11,EFX,93.96,96.63,91.7201,93.45,1635775,-0.7377791590427943,-0.7296945463889847,-2.217441359642752,-1.4454344268026502,-1.6741593231008138,-1.5484127933710066,1.0943052720655058,1.1467393406723112,-1.270712409374433,1.0547941178033982,-0.0018813774974978,-1.5143252268974952,0.834990677528865,-0.4363996759273841,2.787437836373998
2016-02-12,EFX,95.3,99.14,95.3,97.47,1402614,2.645198828476224,2.583029803818061,-1.1041677269296188,-0.8434217471477411,-1.6108237350099623,-1.07673626902168,1.1441920455504713,1.3536664671914882,-1.0177807542253332,0.595810107842629,-0.0005313785893363,-0.6615303921813315,-0.73842258163126,1.6940126600396328,1.6920340475461926
2016-02-16,EFX,98.97,99.94,97.605,99.17,1327810,1.0528628237543234,1.0458148133771543,-0.6166702391339928,-0.7285013451634957,-1.4783795537277618,-0.5215107203455289,1.153346802995375,1.4060865702767014,-0.6943422785353125,0.4122166467955011,-0.0007066991579758,-0.3008957605849426,2.645437933490627,0.1263595836517603,0.3709722201824678
2016-02-17,EFX,100.09,101.96,99.4901,101.79,1054612,1.6118164833804427,1.5897772199758693,0.0906782959922575,-0.2993540972690849,-1.2575052360109682,0.1502873674872587,1.1285990445797789,1.495224738174071,-0.4601898083972991,-0.0932200756152498,-0.0008858970495845,0.2549058481106679,1.0526865313046008,1.2569088939730506,0.4309139243037961
2016-02-18,EFX,102.22,102.55,100.41,100.89,768055,-0.5834649864520429,-0.5746637584588519,-0.1329770510230438,-0.2714083166717587,-1.106818243334872,0.5070648713465306,1.1277119126470996,1.4464267860019444,-0.2815836975441952,-0.6156010172813821,-0.0014729649307426,0.0639816313831671,1.611786006846509,-1.0093323429053216,0.1764374115583356
2016-02-19,EFX,100.44,101.14,99.79,100.99,1542475,0.0287127858694713,0.036560690542911,-0.0857577812347651,-0.7037833809132868,-0.9739314175183728,0.7466695513603697,1.118807711065294,1.4339546019703968,-0.4007558009591686,0.7378714115968815,-0.0007384518763265,0.0851954332417769,-0.5840681526399859,0.3873979238393324,-0.477251615109839
2016-02-22,EFX,101.83,103.67,101.83,103.36,923240,1.4280550399429603,1.411471066151808,0.5507098946642702,-0.5534532516595281,-0.768185778562827,1.1258906261549106,1.0841499219768818,1.4457369639690405,-0.3748032878199298,-0.3947556250633008,-0.000987295941578,0.5879625372908603,0.0282693203310536,1.1088521744279252,-0.1077017927375695
2016-02-23,EFX,103.26,103.8,102.075,103.14,624158,-0.165511215746041,-0.1567081478810757,0.5067510837521926,-0.2585735315034285,-0.6084711787998232,1.3107843835155697,1.0634568786978846,1.44052808623454,-0.3085039279953803,-0.9090355105470524,-0.0014008291109283,0.5412921732019162,1.4279766250107355,-0.1141164173978547,-0.1974613615869146
2016-02-24,EFX,102.45,104.54,101.29,104.44,788919,0.7517184105856042,0.7507540841724429,0.8509910440858304,-0.048051958466675,-0.4275020503115649,1.513408180454367,1.0516304751392074,1.4562366349246505,-0.2249064709576934,-0.6156601046318023,-0.0010307741133669,0.8170715973638593,-0.1660053490816474,1.4412095835459395,1.002105746793225
2016-02-25,EFX,103.8,106.58,103.8,106.53,924632,1.212880042471371,1.2020291720872196,1.3467891422557248,0.110466039502485,-0.2012062042194616,1.7921774088356983,1.1527893604007131,1.4566095390046987,0.3388082589694813,-0.3770990271349695,-0.001011938997997,1.2604400562088311,0.7514635576906017,1.960739070417884,0.5835337790583168
2016-02-26,EFX,106.73,107.084,105.93,106.37,629913,-0.1265029049663928,-0.1178432294162137,1.2422314756714603,0.5911879508971133,-0.0295178925119209,1.874633938082593,1.24855078322992,1.4312324779817285,0.496354511271372,-0.8929931680972153,-0.0013878535568242,1.226497973235054,1.2127454941929,-0.2811525169163342,-0.6871652867887909
2016-02-29,EFX,106.03,106.53,104.78,104.88,660221,-0.905088511537952,-0.898220611913137,0.8679016925181648,1.426971182734626,0.045683689160858,1.6922439793525672,1.2219860292939078,1.2519598284741746,-0.2951860759593109,-0.8052308153566277,-0.0014032323628283,0.9104123255417476,-0.1269868620870987,-0.8457502293846454,-0.2007203178682926
2016-03-01,EFX,105.59,107.09,105.18,106.49,638186,0.9227194448650724,0.9184730653506654,1.291838073927302,1.6773020209259426,0.1650453695807176,1.6599993463444225,1.205129381287546,1.270262306379052,-0.2265418233837139,-0.8268859101214744,-0.0010780169092821,1.3131115499036374,-0.9057755806184552,0.6176516908768395,-0.0965258799859434
2016-03-02,EFX,105.99,107.04,105.41,107.0,595263,0.2651690346483226,0.2710426793363677,1.379677766922721,1.6349760665440756,0.2748473242617286,1.6095970704531108,1.2982465651754589,1.1318692053505366,0.2925836376086385,-0.8946948491320048,-0.0010976989493767,1.4234136718494983,0.9225092015221946,0.6936315858759918,-0.3217388475636916
2016-03-03,EFX,106.7,107.17,105.92,107.13,513832,0.0426445632549775,0.0504007925192648,1.3591519759417872,1.9081404721252735,0.3611234503478686,1.508720171924951,1.3961820784441428,1.1231683769137193,0.3962405659663786,-1.039809353427453,-0.001123751622892,1.4342724012457784,0.2647872541599372,0.2781564352653797,-0.6188971832906737
2016-03-04,EFX,107.0,108.6411,105.97,107.66,815138,0.2750106765809598,0.2807829270603266,1.4416109845771452,1.719712189879826,0.4435473090486508,1.4181029831678134,1.498987994542111,1.12325439970651,0.3977717488323036,-0.4684334517689115,-0.0010617526404979,1.250138695081319,0.0422047321410654,0.4397038062099818,0.4764057024492094
2016-03-07,EFX,106.82,107.45,105.13,106.08,562099,-0.9466844997464244,-0.9401903891388584,0.9501886189634636,1.1152806425275672,0.4399196550401658,1.1241141197921327,1.5376536000392251,0.9256455133046164,0.7441831124988911,-0.9316946635203656,-0.0013598535434328,0.9397429247864704,0.2746314635111905,-0.5497046899553975,0.2313645744764633
2016-03-08,EFX,105.12,106.14,104.66,106.0,673537,-0.0799478058711409,-0.0714911731064539,0.7685279261797354,0.760081479214163,0.4272747654326989,0.8657128198880499,1.3417408105184323,0.1285409913889246,1.7250390159092752,-0.6417100621335308,-0.0013892639684453,0.924026683252554,-0.9473824200969916,0.6061565364857118,-0.427696808057274
2016-03-09,EFX,106.6,106.999,106.04,106.76,549957,0.4133823390135826,0.4175670337788019,0.7838065281246067,1.1486281767439397,0.4403911833797385,0.7253009421390856,1.0520396576821556,0.0842849541559779,1.9657120706511064,-0.8214505935563065,-0.0011163719586669,1.073330977824761,-0.0804196180236687,0.0870820009810126,-0.8426925383662255
2016-03-10,EFX,107.16,107.68,105.52,106.78,578986,-0.0213328663003707,-0.0131811778446358,0.6285604797116155,1.138612367634018,0.4447502084541284,0.5904300614408627,0.7668529555698479,0.0810151037453704,1.7374859903511817,-0.6843288524476913,-0.0011154944443954,1.0772600382082396,0.413039223373948,-0.2942306826293107,0.0945372717725801
2016-03-11,EFX,107.6,108.55,106.81,108.45,1310837,0.9406968078813014,0.936079022724836,0.8540984966571818,1.0453478735456336,0.5063951227361561,0.6299862495482018,0.3138615080738648,0.0197549892578225,2.1899146262647307,1.0938648497051626,-0.0009673162299538,1.3952626566831283,-0.0217893873980047,0.5705144657476349,-0.2541814830927207
2016-03-14,EFX,108.06,110.0,107.52,109.71,711575,0.6903338531973405,0.6904367043545657,1.010123146398649,1.2786285634724368,0.5962677131475472,0.7342887524624708,0.1384033393819172,-0.3262721905528936,1.6768173572994114,-0.2680505962062279,-0.0011067098712561,1.3651044362704703,0.940491254346973,1.1273059321620131,0.2926003624708532
2016-03-15,EFX,109.0,110.24,108.63,109.5,650934,-0.152166473046242,-0.1434097141985787,0.8242065806334634,1.04314330279946,0.6500383292108579,0.7248048943035252,0.0001130076113714,-0.3524678368473943,1.3623411053890435,-0.3485391229658982,-0.0013613061057815,1.2140492432944376,0.6900629867289464,0.3202512709824212,-0.3659468823160186
2016-03-16,EFX,108.82,110.4,108.65,110.13,575317,0.3252008850223059,0.3304322288866539,0.8731775245065047,0.807913946610581,0.7075931440574894,0.7269582703011103,-0.0003975966899716,-0.5051792582485608,1.035841873186817,-0.4977526204782798,-0.0011332093045745,1.3582860080732342,-0.15265712509884,0.8831930848761135,-0.2670116898003876
2016-03-17,EFX,109.92,111.54,109.83,111.31,540768,0.6340745485066674,0.6351038214225977,1.0305193833112352,1.059315701028004,0.7888558150011957,0.7897045845714279,-0.0418163521758179,-0.5527703382678639,1.349361646591099,-0.5683134106940693,-0.0011436917214437,1.3778096667791169,0.3248347652225805,0.9290781122918128,-0.310999855892841
2016-03-18,EFX,111.86,113.03,111.18,112.51,959310,0.638189340097116,0.639152531271822,1.1770931132925435,1.7882381904461924,0.8885450894170036,0.8873313961179822,-0.0737626684453112,-0.5482178096129294,1.5078280354468718,0.681333389648864,-0.0010731058952793,1.2956407283879383,0.6337890055049082,0.4127024045745637,-0.2209515808806663
2016-03-21,EFX,111.94,112.59,111.54,112.22,590857,-0.1934691643261473,-0.1845783403861427,0.9930560678675568,1.490901492559927,0.9435634726968556,0.8504507405634788,-0.0416745063087694,-0.6545215022907422,1.091451346847661,-0.3253451442674305,-0.00134115422905,1.2135272151121002,0.6379048705333666,0.1626641517086659,-0.8115350712695841
2016-03-22,EFX,111.58,112.97,111.0901,112.51,410425,0.1278917744014039,0.1350197374087922,0.9449049425287016,1.4625562713043454,0.9855224417380232,0.7873315086822942,-0.054997402971,-0.6690405418564234,1.166757769957966,-0.8315926423093161,-0.0011718110962471,1.2956407283879383,-0.1939705911355607,0.6033945102606353,-0.1988034012836544
2016-03-23,EFX,112.09,112.66,111.27,111.54,1042181,-0.5697509659351858,-0.5609048150053964,0.6208477852986527,1.028784047155817,0.9677485231262396,0.5830846986373289,-0.0859370582825208,-0.6389704884264744,0.8309384235178593,0.9790162406984384,-0.0014182529530388,0.9062557304388994,0.1274741819828608,-0.3970318853024367,-0.5527386889099826
2016-03-24,EFX,110.73,111.25,109.09,111.23,962916,-0.2060280640715976,-0.1971019040503382,0.4876733796340627,0.8175809064539615,0.9290565933200324,0.3658446498824253,-0.0730260672422782,-0.7428554334369947,0.4804793324254963,0.7414241687948182,-0.0014158534772194,0.7280010022052544,-0.5703505545055099,0.3148366378046189,0.0270906997918891
2016-03-28,EFX,111.66,112.31,110.92,111.95,367394,0.3700048290059813,0.3747197068611257,0.5923108628050093,1.6144935583601137,0.9144911892791002,0.2541538728694614,-0.0565022713626375,-0.7422689691118322,0.6029559384354757,-0.9610296233916736,-0.0011722509104435,1.013952102200307,-0.2065327671588134,0.1699042775220531,-0.556542350681767
2016-03-29,EFX,111.55,112.94,111.065,112.85,307956,0.467515200795733,0.4709966979319935,0.7100375189212599,1.749807972656702,0.9259976054195792,0.231909667589689,-0.0922539027448126,-0.8582215375666175,0.9485775855767326,-1.1123276450772024,-0.0011851120252576,1.3713909771941204,0.3696503973453537,0.8541614474296775,-0.2066175543900624
2016-03-30,EFX,113.57,114.18,112.88,113.9,401005,0.5462767914499146,0.5486529078047161,0.8697132668006323,1.7771170163283732,0.9636356040492392,0.2813765468478854,-0.0436985992796164,-0.907551332265144,0.8544718899049601,-0.8088172341207587,-0.0011692339972072,1.3451087069739889,0.4671862069579313,0.1932140391159588,-0.6401112824867431
2016-03-31,EFX,114.01,114.67,113.4,114.29,532885,0.1801789756001551,0.186864423827861,0.8725147389240073,1.809882254315532,0.9956394337020992,0.30644779629821,0.0084925731070661,-0.9085219673814624,0.8331300221441573,-0.3946807081235338,-0.001147588349086,1.31668604647579,0.5459683443842334,0.1592329609858701,-0.6652333289655429
2016-04-01,EFX,113.84,116.8,113.57,116.59,726581,1.219899978006399,1.2088732604880503,1.301821989363504,1.8609033837383624,1.0971769370020044,0.5054832748305244,0.1490087796219298,-0.7916687561828675,1.1294030880309998,0.1688487777353508,-0.0011173113251621,1.3853764356473424,0.179775023500439,1.7987661019150143,0.717544572124003
2016-04-04,EFX,116.59,116.7899,115.13,115.42,374099,-0.657765782080233,-0.6492611434846111,0.9284265307181724,1.260103825675364,1.11702751463599,0.4544509172012965,0.1995531066054883,-0.7124066802506693,0.8911114235206606,-0.8655973788327745,-0.0013044818081672,1.065006386322159,1.2197672610395427,-0.7844912539830826,-0.39276652414054
2016-04-05,EFX,114.85,115.54,113.96,114.57,621384,-0.4914896479190745,-0.4824455920364401,0.6241953669109347,1.0304611721477837,1.0851024294320075,0.2803553662510996,0.1210849363428191,-0.801209605151564,1.007945424068336,-0.0955100594902285,-0.0013476505004035,0.8322589145901865,-0.6583883313393336,-0.2105089744064624,-0.4419954747681407
2016-04-06,EFX,114.78,115.5,113.9301,115.45,510030,0.4452013297225866,0.4489782741739556,0.7166428116171843,1.0650002990053349,1.080285525469258,0.2108549173489643,0.0256782082282957,-0.805825177785451,1.1418427950825778,-0.4241747264328704,-0.0011531879500335,1.0450378767011,-0.4920688202248999,0.4146983999862726,-0.4580470268542015
2016-04-07,EFX,114.45,114.78,113.17,113.78,438797,-0.9335670488778274,-0.9269519910988514,0.2414285911999201,0.3712573456790139,0.997548928614077,-0.0453093899203277,-0.1163056132680844,-0.6753566340274816,0.798236591114686,-0.6381559198734732,-0.0013173200936393,0.5528939788705175,0.4448665147983867,-0.4686031044370793,-0.4120412189587175
2016-04-08,EFX,115.44,115.59,114.13,115.02,710182,0.6455060355054881,0.6463510699278113,0.4330210507466236,0.3785824728297302,0.9679267644328072,-0.1135252003776373,-0.275096376229512,-0.6586137718668957,0.9658548355570802,0.2080394836389155,-0.0011186161650137,0.8505821419178465,-0.9342615472396868,-0.3011931080912359,-0.5334413179216269
2016-04-11,EFX,115.34,115.47,113.65,113.69,465124,-0.752898580637414,-0.7449050811006659,0.0616812203937231,0.118842468222493,0.8802647139376875,-0.3174915169810222,-0.3989472323586969,-0.6372255672679088,0.5421359546311041,-0.4643013600182861,-0.0013205031299084,0.3288480860887747,0.6452234746699905,-1.1071249912462742,-0.2571664204047029
2016-04-12,EFX,114.09,114.09,113.09,113.48,448040,-0.147994617022158,-0.1392529213434311,-0.0310975413603185,0.0152986726045724,0.7917048050652379,-0.4829756422706914,-0.4792478385381042,-0.6658472166113805,0.3372016728752595,-0.4878643203697957,-0.0013198068897778,0.0920485558270288,-0.7535459474746883,-0.4302659675246534,-0.8569137888803718
2016-04-13,EFX,114.28,115.02,113.5,114.95,407574,0.7734836460821546,0.77212682549611,0.2459129635791175,0.5044009843782573,0.7688146595761524,-0.4463301020333575,-0.5697410596042087,-0.6276736822260205,0.5634974327068146,-0.5981891366874286,-0.0011705700187918,0.6883099369452048,-0.1484841807501762,0.4166279368730458,-0.4892960084368412
2016-04-14,EFX,115.18,117.22,115.18,115.97,626958,0.519445872986133,0.5222094850316599,0.4130737692023602,0.7298230366257882,0.7801278297772387,-0.3289749240539082,-0.6188325100303435,-0.616730951143966,0.6113249134225898,0.170129901744809,-0.001134551392576,0.9317807298308786,0.7732344711493438,0.4918802739133374,-0.1252951610226564
2016-04-15,EFX,116.15,116.5,115.45,116.18,472069,0.079741629404122,0.0872386692544188,0.4042153719346752,0.6594300356738683,0.7865947665445495,-0.2475649031028426,-0.6239795441825973,-0.6421628243007454,0.4750843309835453,-0.3668547755562673,-0.0011643262110146,1.0176451975876994,0.5191304264583678,-0.0068025297197356,-0.8381142049434044
2016-04-18,EFX,115.8,117.0,115.75,116.75,316204,0.2724530994357321,0.2782518468868236,0.4855765473612443,0.6112172314826458,0.8031976674792468,-0.1563470890618601,-0.5804489601178249,-0.6679577060962772,0.3859935858640854,-0.8533565629937853,-0.0011916482280815,1.250705895784772,0.0793114759129976,0.5934951581475336,-0.6990234786798836
2016-04-19,EFX,116.98,117.48,116.05,116.41,487903,-0.2143042464736873,-0.2053561852172441,0.3583211627906361,0.3528025657790437,0.7921471527277267,-0.1545522537624872,-0.5755963286097324,-0.6667745575211399,0.3808802279902701,-0.1889153625385824,-0.001320071959541,1.0189366490863911,0.2720732191631505,-0.3944522795387185,-0.5675507806602529
2016-04-20,EFX,116.81,117.68,116.4,117.33,455820,0.4590355220947011,0.4626302169815771,0.5128614781218861,0.4426788650103896,0.8085797762088692,-0.0823752608237655,-0.540458103023052,-0.6536995733336946,0.461704177994897,-0.3182857722784197,-0.001168360292597,1.3074348013075658,-0.2148111085934015,0.3100153409649739,-0.6821250594376292
2016-04-21,EFX,116.99,117.07,115.82,115.91,463565,-0.7864811981525399,-0.778703448452854,0.1370210445103932,-0.3396347447971439,0.7553148146568626,-0.2040340505310036,-0.6109127928930723,-0.621470934057658,0.4079239951961093,-0.1883676252781283,-0.0013163478457281,0.7579193434299937,0.458704316137712,-0.7237772566696886,-0.6925569757771199
2016-04-22,EFX,115.3,116.35,114.99,115.71,370493,-0.1404208338352003,-0.1317071976652287,0.0397635880660847,-0.1196921345487543,0.6955171938025663,-0.3181760348836715,-0.7299925559801677,-0.6247682288507702,0.4240517911139316,-0.4685204501792661,-0.0013031672038067,0.4741453751571238,-0.7871373257878574,0.2423411413899166,-0.611775298454991
2016-04-25,EFX,115.39,116.415,115.15,116.31,435168,0.2898353673635438,0.2954519936326329,0.1264689556721129,0.2354086561345046,0.662408553593964,-0.3407926456243225,-0.8218988305073477,-0.6284257139082446,0.4045047912425933,-0.2065620595928382,-0.0011701150801644,0.7544239213091032,-0.1409084217677078,0.5760549054902555,-0.6848997999739964
2016-04-26,EFX,116.76,117.48,116.5,117.18,450230,0.4326947197697549,0.4366338332052318,0.2745743777610155,0.2333191707501698,0.6610923158397256,-0.2770528375932871,-0.855018231421842,-0.6308372772096562,0.396038862554869,-0.170803154140507,-0.0011695169662339,1.0966098420426271,0.2894600216552732,0.245452460514001,-0.8943274651214632
2016-04-27,EFX,116.89,118.75,116.86,118.61,821698,0.7267666606773153,0.7262432108614227,0.544777604677906,1.0139803539228356,0.7064876500168561,-0.1058262091388543,-0.7839685566462178,-0.6121523157656539,0.4398421743554661,1.2329630905518552,-0.0011125614473544,1.3606551805953684,0.4323566422087472,1.0854044729798489,-0.2633226858944227
2016-04-28,EFX,117.79,122.55,115.66,120.32,2611144,0.8645778893533965,0.8614983909593539,0.8617772949265782,1.0805994974771551,0.7988570411894051,0.1520655076905816,-0.6190782378773638,-0.5603961513023834,0.6073930616231398,6.597709093965284,-0.0008476599834071,0.6592714764532689,0.7265052985445598,1.5964529241092216,3.181103954094881
2016-04-29,EFX,120.06,120.45,118.84,120.25,969882,-0.069216643325138,-0.0608117321724905,0.8030698147507661,1.561773363382262,0.8577221285565322,0.2721393799226737,-0.4855025642116778,-0.6770202919434835,0.2935640592683976,1.1030311104880768,-0.0013711609763769,0.6346739386497855,0.8643524784487426,0.0932473270438628,-0.4754920208503559
2016-05-02,EFX,120.35,121.41,119.68,121.22,709198,0.4692101637975328,0.4726688988058324,0.9540225833431611,1.7436531305177818,0.9301299966780476,0.4030573622363826,-0.3300257925972268,-0.719922184475332,0.5705406140228305,0.1968252911991292,-0.0011442235695996,0.9755255339266584,-0.0696856560071422,0.5198409322331408,-0.4019187972113175
2016-05-03,EFX,120.43,120.72,118.76,120.09,816791,-0.6133588740481822,-0.6046661697229605,0.6353626490546891,1.1325219102867978,0.930618164735977,0.3226716781936455,-0.2825840561256442,-0.7031832830925268,0.5401232365596229,0.4979815575686045,-0.0013522481437956,0.5784509950989623,0.4688816121298074,-0.239615620476453,-0.2311100258647437
2016-05-04,EFX,119.09,119.76,118.34,119.3,598153,-0.442554287900374,-0.4334369567822296,0.4135805997297548,0.6846989453121308,0.8879818515933616,0.1473614587206051,-0.2593976863700738,-0.6866271014733624,0.3222867198030292,-0.1950627292692953,-0.0013262230059866,0.3008502113167642,-0.6139698387441433,0.1069093697407358,-0.5993371419113332
2016-05-05,EFX,119.35,120.22,119.3,120.04,541880,0.35318122223705,0.358093743890486,0.5077474523050598,0.778112282212467,0.8715723496184854,0.0746206436034703,-0.2752353059704676,-0.7928858590964357,0.6405543386050339,-0.3821322954648229,-0.0011647041214986,0.5608813252393305,-0.4431206942922231,0.4104721526286471,-0.9525902220370608
2016-05-06,EFX,119.08,120.25,118.5,119.92,655743,-0.0952333347863683,-0.0867062106942683,0.4248971911090779,0.6368368209119458,0.8424377873026452,-0.0163260947508615,-0.2712987628249504,-0.8188814761985101,0.4581889574325664,-0.0245396587482875,-0.0013345236576292,0.5187141175762107,0.3528224017517218,0.5066318832636013,-0.3751255699647055
2016-05-09,EFX,119.64,121.28,119.23,120.97,658933,0.5121251992223694,0.5149925759269957,0.5759935504519497,0.9287811036373484,0.8491868121345282,0.0032802501617653,-0.303935137603934,-0.8929559345173984,0.7729582732048753,-0.0442499997905665,-0.0011472905749265,0.8876771846284953,-0.095709134520619,0.8135687238313358,-0.1790005019296266
2016-05-10,EFX,121.93,124.65,121.24,124.59,1123667,1.8300617046944632,1.8008785322769152,1.252022362951022,1.2641967497479003,0.983964179144492,0.3485080748995948,-0.1935722594632622,-0.6272385567090036,1.2703761094055877,1.2016292560625847,-0.0010854021784388,1.4249907797940915,0.5118078429285071,1.6219057777507506,0.6896964854440537
2016-05-11,EFX,124.54,124.745,122.14,122.18,850454,-1.2372810608827791,-1.2341946204019876,0.6353700513543226,0.9869465351803458,0.9829027136249244,0.2750435181720842,-0.1987952330758291,-0.4675724357910758,0.756261658530726,0.337050919778686,-0.0013553808611141,0.568811541168798,1.830088162445268,-1.458002860303042,0.1855867094034047
2016-05-12,EFX,122.81,123.32,121.41,122.65,620099,0.2064971442484424,0.2129434425171349,0.6632221769405052,1.090613036148015,0.9874794527472796,0.23078451447886,-0.1750322240403118,-0.47875395268771,0.6784845125835365,-0.3071197649871279,-0.001157078799599,0.7289720047872467,-1.2380547900288652,-0.1247473433444186,-0.2934760304653726
2016-05-13,EFX,122.66,123.3,121.86,122.59,664775,-0.0634524821052255,-0.0550761131644289,0.5774940179520294,1.0094185105738382,0.975800651447342,0.1535358303101742,-0.1698247568334516,-0.4755053778272466,0.642824155576871,-0.2065105134081442,-0.0013317605125289,0.7085259881551031,0.2061000578482298,-0.0694326845675632,-0.6123628311432386
2016-05-16,EFX,122.44,124.08,122.38,123.69,746473,0.5256452918731362,0.5283203744136628,0.7404877361930372,1.0350751647553196,0.9966513942628468,0.175467369544788,-0.1284417447014317,-0.4645589137743536,0.7055393557028263,-0.0396506992687965,-0.0011393980494477,1.083369626411046,-0.0639199910732231,0.7449978190456605,-0.4458840035259097
2016-05-17,EFX,123.4,123.99,122.32,122.94,733011,-0.4105005149082247,-0.4013562006150191,0.5028824339269519,0.6621061186193513,0.9707724352278938,0.0727311528032383,-0.1489128967705748,-0.4494685538265833,0.6563626547434758,-0.1073417935228305,-0.0013405155562816,0.8277944185092657,0.5253314626063493,-0.3079520546942799,-0.459233164516633
2016-05-18,EFX,122.75,123.56,121.745,122.41,673436,-0.3013933089883112,-0.2922815633743372,0.3305885815762864,0.2569170687889529,0.9171363726627092,-0.08090412724896,-0.1699239154751468,-0.4440498701207281,0.468401952129534,-0.289720400499423,-0.0013358488202473,0.6471879382586738,-0.4110585593362815,-0.2355842246188342,-0.3556106446677233
2016-05-19,EFX,122.5,122.98,121.33,122.55,502656,0.0382083132084149,0.0459940700721235,0.2875917331368491,0.299246482589626,0.8684323081550703,-0.1911174731930442,-0.2647451423950292,-0.5140247643572617,0.6738541589212483,-0.7379460049710186,-0.0011707744778741,0.6948953104003397,-0.3019228902926789,0.0045209124762049,-0.4692315471839284
2016-05-20,EFX,123.35,123.67,122.14,122.89,690616,0.1397312743658172,0.1467628403732613,0.2822628780709842,0.182367407085141,0.8319288034243418,-0.2478841191104872,-0.3993296882775718,-0.5214534765346309,0.7438481349097609,-0.2856769567972554,-0.001146372803343,0.8002152032657532,0.0377673247966623,-0.3080662158227024,-0.553716977149246
2016-05-23,EFX,122.63,122.72,121.92,122.39,391175,-0.2863040318977369,-0.2772119036418596,0.1073519901589117,0.3479928843315116,0.7727181442054548,-0.3517452606020341,-0.5507074844172178,-0.5071734736322685,0.6002491363632193,-1.0453907362641983,-0.0012954443622029,0.5811894268569391,0.1393167705531005,-0.1741794591030881,-1.046567893626503
2016-05-24,EFX,123.15,125.27,122.545,125.16,559272,1.3760632254429614,1.3609293898755848,0.6177672454899865,0.9936084101088576,0.8236180705799241,-0.151411421989338,-0.5968744261708031,-0.3887814067389341,0.8326823364823557,-0.6259368226736778,-0.0011658511126891,1.40482880743548,-0.2868296768171831,1.2068063738108032,0.2231842603952451
2016-05-25,EFX,125.54,125.855,124.67,124.89,601837,-0.1673014930725981,-0.158492429888341,0.4902894966946369,0.822337990255159,0.8419292328904409,-0.07502726879676,-0.6129063618638383,-0.4069427184663173,0.610126380319824,-0.496646609298898,-0.0013231872331186,1.1282308675796429,1.3759712472503225,-0.4174959387334086,-0.8005566778626716
2016-05-26,EFX,124.88,125.33,124.7,125.07,561148,0.0567344938186879,0.0643948611544824,0.4767638572968019,0.8803536973749156,0.8520074235152085,-0.0351114736343758,-0.5776027797623395,-0.4534846685811942,0.4123195114915595,-0.3848731609456673,-0.0011654304244643,1.0956422243296269,-0.1677960934432142,0.0886325136912797,-1.171521056916531
2016-05-27,EFX,125.13,126.51,124.89,126.29,493358,0.5743023158534476,0.5762616302330628,0.671826169608283,0.9025752049654856,0.8959838476575689,0.0840746320247672,-0.5097867227833262,-0.4378894332470975,0.5702091965721737,-0.5326372397021972,-0.0011766067355701,1.3533659078553897,0.0562983383871748,0.6740756075897891,-0.5222591120029454
2016-05-31,EFX,126.09,126.25,124.97,125.73,740144,-0.3090630396405357,-0.2999427288860922,0.5025153684461481,0.1082570344064126,0.89676286375439,0.0682341318696227,-0.4658703558949932,-0.434836685494677,0.3789373245629557,0.2181789684186928,-0.0013395692123445,1.125515031359943,0.5740011798902809,-0.2420247169087584,-0.7428684797528139
2016-06-01,EFX,125.3,125.73,124.71,125.49,384447,-0.1518374412832996,-0.1430818603214727,0.3924047774114266,0.8792029225640053,0.876139161719111,0.0004715037130395,-0.4793993991313874,-0.4718342121041358,0.4929224790408838,-0.8293644484155496,-0.0012948396428516,1.0278646557190334,-0.3095946217705168,0.0882472095643103,-0.913917918436067
2016-06-02,EFX,125.45,126.33,124.991,126.31,450794,0.373821956381194,0.3784913693055979,0.4907750834360808,0.9485462883194322,0.8802235375708641,0.0098595683289392,-0.5246192502728252,-0.4944884191001633,0.6954963287746952,-0.6031039150870161,-0.0011804111471459,1.3598779647411372,-0.1523280075003958,0.4916151768297724,-0.7078355722743512
2016-06-03,EFX,125.83,125.88,124.43,125.2,434927,-0.5801136237929052,-0.5713011354595576,0.1992433645310083,0.541315168023959,0.8285287812357089,-0.1262045060111431,-0.594863611113975,-0.4566291948070031,0.4638342425116921,-0.6419669294861814,-0.001301494143858,0.8992235943839384,0.3734685205060208,-0.4045858399835475,-0.6261142671761174
2016-06-06,EFX,125.67,126.38,125.18,125.82,438071,0.275310532420482,0.2810796695615611,0.2672772602325185,0.4354714738388219,0.801030880254507,-0.1727734763416889,-0.684333342865131,-0.4579216941461613,0.5550934485377019,-0.6068743380066965,-0.0011822172015021,1.1278120954847322,-0.5807159157008307,0.0638622330561996,-0.7964659182671612
2016-06-07,EFX,125.82,125.98,124.65,125.17,612405,-0.354627932847246,-0.34547629223511,0.0848923885924466,0.4713596302542996,0.743391936578135,-0.2876111776370396,-0.7579122424865377,-0.4550623489101059,0.3424305312909322,-0.0272497545126125,-0.0013254696453495,0.5976409419133901,0.2749313975750039,-0.4166254075888598,-0.7057814941520182
2016-06-08,EFX,124.97,126.1,124.965,125.96,655266,0.3599403604305715,0.3647740122248702,0.2371585177337905,0.8354701474373842,0.7188213418759972,-0.2943639776725456,-0.7336683302713352,-0.744670179902448,-0.005982665740432,0.19955029142067,-0.0011514338182994,1.0899251140474409,-0.3551714016274285,0.5721972309239491,-0.8403563275809477
2016-06-09,EFX,125.47,125.9904,124.8,125.94,503115,-0.0428814094376253,-0.0346112320996616,0.1927563029301776,0.8009319872588856,0.6889242265969002,-0.3134765899720411,-0.7544161630795642,-0.928865401648614,0.2844908534378885,-0.2692199998654151,-0.0013105585098806,1.0770904362967,0.3595833032218739,0.2566940415214354,-0.8035760914021067
2016-06-10,EFX,125.13,125.92,123.62,123.9,760906,-1.04146353945554,-1.0359275265691965,-0.2505502940399253,0.0634152344149056,0.57660221003089,-0.5409269568111897,-0.7817141056108534,-0.7971237546416093,-0.0177974805084242,0.6076838901947235,-0.0013478955962102,-0.2320466942791015,-0.0433435519682661,-0.7689737533430285,-0.0442377317768381
2016-06-13,EFX,123.57,124.87,123.22,123.39,670212,-0.2892639940143716,-0.2801677283959105,-0.3663961271439714,0.0607043739709076,0.4605102162848722,-0.7325911066451409,-0.8047318724206618,-0.7886219751246638,-0.0716352039369328,0.2905024000338675,-0.0013390080201291,-0.5593309769230564,-1.04218618509815,-0.1363701344823715,-0.476870396149938
2016-06-14,EFX,123.41,124.12,121.83,122.37,1012877,-0.5476503768595412,-0.5387382629496056,-0.5676459275296291,-1.0069495517466798,0.3229448844134966,-0.9411944291917194,-0.7683728131041769,-0.7948872902985414,-0.3242094694332149,1.40500746910735,-0.0013934751596865,-1.2138995422109573,-0.2897904111080031,-0.6630060943833895,-0.0317049766723911
2016-06-15,EFX,122.65,122.78,121.09,121.57,1009810,-0.4400110794075375,-0.4308910002133226,-0.7221897218163628,-1.113573255433804,0.1786829775467706,-1.1253139559880516,-0.7161553113285489,-0.7925491750335195,-0.3311386777112967,1.316198516062315,-0.0014016532350887,-1.5869103243690983,-0.5482441999829807,-0.6915911368579287,-0.4327646156542876
2016-06-16,EFX,120.92,122.53,120.2461,122.35,792468,0.366455048902657,0.3712120011865297,-0.5570398831957157,-0.9058277758027248,0.092291747291614,-1.1236514520483705,-0.7141058405203197,-0.7806188964080981,-0.1746756505632954,0.5673393580820731,-0.0011103963612993,-0.7647866313159177,-0.4405768223449677,0.8671589104377581,-0.0356051553562776
2016-06-17,EFX,122.785,123.37,121.8015,122.65,1577891,0.1196595454205092,0.126853222196358,-0.4947981465228254,-1.2343059110426602,0.0335498821942661,-1.0511524589536088,-0.7171607866431854,-0.7786834880903489,-0.1554928211789341,2.7365876081964835,-0.0009912485981542,-0.6055799930821041,0.3660996912002589,-0.1093844418564524,-0.5255257930047454
2016-06-20,EFX,123.87,125.81,123.4,124.19,657484,0.7487192259887424,0.7478084056716939,-0.1836440188401302,-0.5926807494696025,0.0453848933857468,-0.8114895998641253,-0.7376650932073603,-0.719802538570396,-0.0121143134215334,-0.0471725351642001,-0.0011466340710242,0.2116807498514371,0.1192398054357284,0.1688604189633561,0.0259679169126148
2016-06-21,EFX,124.43,125.34,124.205,124.96,462280,0.3530148183212408,0.3579292725890253,-0.0484772575631039,-0.3216672995742278,0.0824218134575392,-0.5548900329757818,-0.7780402337539775,-0.7177828633156514,0.1409177905611306,-0.6475518359092213,-0.0011774184406058,0.6203111213182076,0.7484635906874687,0.2954904581870174,-0.8343466639325476
2016-06-22,EFX,124.9,125.82,124.43,125.15,605745,0.0616664659490249,0.0692925310058254,-0.0083571498521113,-0.495798667006693,0.1162156083557429,-0.3579581278327719,-0.7781334954666972,-0.9314154878366084,-0.1686503716942007,-0.2204395218762603,-0.0011591225053541,0.7211419921996255,0.3526559544256245,0.1249079991063114,-0.6656843116286989
2016-06-23,EFX,126.35,126.96,125.62,126.96,506794,0.8674198408670031,0.8642845245028918,0.3506455524832108,0.2489883995850605,0.2101129346959805,-0.0457071484457379,-0.7335671276803274,-0.8427725643136812,0.0759465229668027,-0.5074837193598933,-0.0011748213211653,1.442878752192886,0.0612315971358575,0.338436824277074,-0.7117023535601735
2016-06-24,EFX,122.3,124.47,121.79,122.09,886435,-2.4211233478569603,-2.446559667557773,-0.6434102025338814,-0.8720307423305096,0.0901302169605246,-0.3464299165242767,-0.680599439194308,-0.3222635023694803,-0.5174083286578974,0.5796669432414299,-0.0013586157670595,-0.9683522889821276,0.8671951713507549,-0.156045699535695,0.2380929456676575
2016-06-27,EFX,120.73,120.87,118.05,118.63,902384,-1.7973732217320315,-1.8048236015426875,-1.29528494687196,-1.2085422696082262,-0.1411959535017926,-0.8736042615713494,-0.4708831608817582,-0.1668302812097336,-1.058275661491223,0.5491950978693512,-0.0013658438068145,-1.664913863620355,-2.4222059094871926,-1.3404783071453932,0.389804170037307
2016-06-28,EFX,119.89,122.08,119.13,121.99,724896,1.7303606626317158,1.7045303325894556,-0.5463416298238885,-0.7338093098267612,-0.1917741780261561,-0.8301016362710615,-0.4581451086418542,0.0681123408703733,-0.604347189103578,0.0413613249189331,-0.001139200465329,-0.4113504555612325,-1.7982930637981318,1.2970527780050796,0.4240505949469995
2016-06-29,EFX,123.46,125.92,123.385,125.7,893737,1.8604158687421088,1.8301821709394752,0.2366201993312165,-0.2170969355900976,-0.0865468773161906,-0.3942587962098396,-0.4540739940831328,0.2844068976556876,-0.1428998886016145,0.4371795187932533,-0.0011196800926452,0.9727924741707186,1.730361111072977,1.3444593989222826,0.0894165783742818
2016-06-30,EFX,125.83,128.41,125.63,128.4,932282,1.3042887719535703,1.2910889860495167,0.7851435562645827,0.3245191546747919,0.1002549031929892,0.1643867825690317,-0.3726338112045428,0.368659540504599,0.0755353889248567,0.4613319192088687,-0.0011198217206153,1.4396700827552031,1.860450245074628,1.5167819778143097,0.2130965720705524
2016-07-01,EFX,128.15,129.27,127.91,128.47,481074,0.0009452546500183,0.0089666471216938,0.7642080792906902,0.4007548402443006,0.2465137573693537,0.5069464511423398,-0.2789332720712917,0.348132070390755,0.2161094474514504,-0.75526957710565,-0.0011819856608114,1.2058604607531331,1.3041780697442162,0.1623418280088431,-0.709066807122407
2016-07-05,EFX,127.85,129.38,127.85,128.9,675423,0.1753868955673495,0.1821147064895626,0.8213256718912869,0.5871301116640631,0.3733480109926808,0.7309955985644928,-0.1861418583178735,0.346285415167603,0.1920411914132522,-0.262574538469806,-0.0011592795575082,1.3020484664053873,0.000494545312541,0.5941713210147372,-0.602095701655118
2016-07-06,EFX,128.64,130.28,128.19,130.04,579634,0.5176180977425441,0.520407695822688,1.0082010513698252,0.8040880026614261,0.5111422205240946,0.9384456543382068,-0.0504172269888967,0.3471278445608376,0.4039339007650231,-0.5119730528558967,-0.0011732010633711,1.377645426846506,0.1749816933433584,0.7959199169987805,-0.2518714557199296
2016-07-07,EFX,129.93,130.82,129.605,130.41,570990,0.1441454047680004,0.1511404610891156,1.037184855594712,0.7716905471570104,0.625994493072393,1.0453535480992568,0.0750459198256144,0.3433455317135668,0.3513793964018873,-0.5264580411027686,-0.0011759106007496,1.336150918962549,0.5173021743975752,0.2527941770529286,-0.8148562659136867
2016-07-08,EFX,131.49,132.67,130.81,132.24,744058,0.8406502158425462,0.8380357014484302,1.3518132869187491,0.8874300618556157,0.7783678703832585,1.2274585408555625,0.2649712604792099,0.3710376399726645,0.567200372548086,-0.0972687296223265,-0.0011577097930535,1.345108706973994,0.1437320524827062,0.404619937626295,-0.419106732180576
2016-07-11,EFX,132.8,132.8,131.81,132.45,474278,0.0658710763879533,0.0734675921272735,1.3013733929876268,0.7876273607033037,0.8953721199504707,1.2821030091143693,0.4202078431087675,0.2940775811458588,0.8460016490103804,-0.7797328620686247,-0.0011901387417099,1.3639998682535677,0.8404185628540171,-0.2254364665636804,-0.9683910885663536
2016-07-12,EFX,133.16,133.63,132.281,133.37,638201,0.3994493665269558,0.4038075896898982,1.383343062766439,0.7994131015548522,1.0109561973312338,1.3221630849612125,0.5688498630525741,0.2830536110558152,1.0203969800467358,-0.3390897209464817,-0.001173284195914,1.3874046058684304,0.0654373044441079,0.0928324044149979,-0.7483545719171977
2016-07-13,EFX,133.98,135.23,133.34,133.42,713997,-0.0096556975847441,-0.0015713163252406,1.2726943989845216,0.7884174891246111,1.0902612007592971,1.260829433814738,0.6559002649234095,0.252535162081356,1.1587171516000463,-0.098132212393817,-0.0011669344933014,1.0926593934751374,0.399102616151046,-0.342102486739531,-0.4107346026813843
2016-07-14,EFX,134.81,134.97,133.41,133.62,578520,0.0603303510400168,0.0679657471475703,1.1831196351694817,0.6524788080911653,1.1460747375710576,1.1512958822237531,0.6865997030609325,0.2273264423188794,1.2882516156898016,-0.4201611594488393,-0.0011829440244104,1.1313576651566597,-0.0101091724243909,-0.6932301651336508,-0.618327787495977
2016-07-15,EFX,134.07,134.7,133.615,134.05,477816,0.1673553723381249,0.1741533659512938,1.1453485622980175,1.6774837802974667,1.1917958681286571,1.037691360989646,0.7161372495908175,0.2272706376614483,1.236958108436567,-0.6728976354973182,-0.0011943879576094,1.214558949271927,0.0598951336705501,-0.0375870491257097,-0.9167634188993052
2016-07-18,EFX,134.05,134.55,133.44,133.93,479495,-0.0887287136957111,-0.0802311295634224,1.0000340020516068,2.711913131978711,1.2076898809478198,0.8700332564059801,0.7140727192146501,0.2329085806463255,1.183230580388069,-0.5516757095728244,-0.0012903696181869,1.191339986263015,0.1669480749066069,-0.0939496297002277,-0.9006022247355017
2016-07-19,EFX,133.71,134.6,133.51,134.54,448695,0.2505655404182599,0.2565868143549106,1.014364026559274,2.7021291559522864,1.228436148287691,0.7483963923456568,0.7419361576722467,0.2180282370372981,1.05650072574267,-0.6247250558474702,-0.001197330146278,1.3093697148916454,-0.0892028165499703,0.4426684292006635,-0.9161229427503068
2016-07-20,EFX,134.92,136.02,134.44,135.69,368671,0.4991634866299186,0.5022125215985558,1.133998208204576,2.68829355485485,1.2737574668241427,0.7143426598273439,0.7941651415857828,0.2213282995078375,1.093620011969212,-0.8692827319996607,-0.0012060231996926,1.3818336822231552,0.2501799502725833,0.4048639603636261,-0.6208871858692354
2016-07-21,EFX,135.81,136.44,134.4,134.83,704335,-0.4275860072994434,-0.4184540070348245,0.8579647423975455,2.06910270543817,1.2596129226501716,0.5340355668780137,0.7978993065058342,0.2435970613589764,0.9684862891008396,0.1831557212602579,-0.0013118811963265,1.15185470242223,0.4988427489752595,-0.57149547329963,-0.3303630388103438
2016-07-22,EFX,135.41,136.0,134.635,135.78,434480,0.4056684650225265,0.409949610153884,0.9570818154324968,2.1344443486352165,1.2694614177632533,0.4515475626124831,0.8420672615227174,0.2205403880579851,0.8528079175820501,-0.6624138691190523,-0.00119894802684,1.3235769678148528,-0.4281485088710877,0.1801243361506035,-0.7534959942797482
2016-07-25,EFX,135.8,136.44,135.35,136.43,551552,0.2650428755966677,0.2709178100998342,0.9377848808651558,2.148886297698,1.2863235045764387,0.4036100234998434,0.7177513053915692,-0.2352394705911486,1.5575219862606111,-0.2426084692638865,-0.0011880188997833,1.4410711493992812,0.4053233370414734,0.3241814215393332,-0.9254766758272722
2016-07-26,EFX,136.59,136.97,135.38,136.04,877309,-0.2109674175620444,-0.2020280541510649,0.6802156799981446,1.833714984338652,1.2680249914737292,0.2747572133024166,0.2782342572289888,-0.5868587693169846,1.9879038739768151,0.8272805108509825,-0.0013280184811195,1.269589019579571,0.2646610621967925,-0.3305370782596739,-0.6172576964406599
2016-07-27,EFX,136.46,136.46,134.44,135.38,968404,-0.3350417998075168,-0.325899522942781,0.4131997738993639,1.4326755729224692,1.211882603876602,0.0742654836635839,-0.0798790213433761,-0.7289630954437084,1.4445641852209654,1.0641508994320563,-0.0013398630034688,1.0538137065886477,-0.2114734091932034,-0.6242641396960791,-0.3477980044893767
2016-07-28,EFX,134.38,135.44,131.87,133.49,1556301,-0.902162026744361,-0.8952689000973131,-0.0379316457905029,0.2161804402460949,1.078874482386941,-0.2839789758728291,-0.3054872615721452,-0.8852405255516204,0.742691870874816,2.701489403408127,-0.0014045072698665,0.4227595502264099,-0.335580159094494,-0.526696732375786,0.6375087264218722
2016-07-29,EFX,133.77,134.61,132.28,132.46,1279360,-0.5133749375272116,-0.5043762124895435,-0.2808627269971501,-0.1860181199297864,0.920619816521825,-0.6355587141148328,-0.4178281073825357,-1.0185237126463147,0.2969108310072418,1.7574554374629776,-0.0013839498378682,-0.200987337046764,-0.9028483323840084,-0.7661897553116201,-0.1253401914073586
2016-08-01,EFX,132.56,133.26,131.63,131.94,692719,-0.2774032565445419,-0.268324419614128,-0.4170421390526442,-0.6320369851596171,0.7642312044820656,-0.9120193142853672,-0.5402206909475259,-1.00348287554964,0.2292096450457616,-0.0173151775153316,-0.0013232855612201,-0.3905240036553311,-0.5139598191141046,-0.3796818707059234,-0.5617225608806058
2016-08-02,EFX,131.91,132.16,130.15,130.82,625698,-0.5614862810265954,-0.5526145337708802,-0.6558037836962028,-0.9130615032949134,0.5877425268486092,-1.1849250172450747,-0.6267711081137649,-0.9592094230242608,0.0512831362081038,-0.2068063686648536,-0.0013176659923649,-0.8855627575191134,-0.2779265794920554,-0.6506167996978437,-0.3108230046465405
2016-08-03,EFX,130.82,130.82,129.11,130.37,734148,-0.2471537931996837,-0.2381296584704939,-0.7474054790430434,-1.0731859878246244,0.4235849808704957,-1.3715094590076746,-0.6412599668489977,-0.9874041746452136,-0.1302071762504567,0.087734911464191,-0.0013330993973123,-1.3484187219954704,-0.5620837135638067,-0.2862026792922267,-0.4981823075696285
2016-08-04,EFX,130.48,132.04,130.37,131.28,797267,0.4015733680375541,0.4059053353396294,-0.5769881967350532,-0.9106139558734389,0.3238730204833326,-1.3548951845126094,-0.6734003501165136,-0.9676235350493524,-0.0694990486243344,0.23399589790024,-0.0011412420482634,-0.9635580096452588,-0.2476692248790682,0.4369071472476167,-0.5311530053881419
2016-08-05,EFX,131.77,134.41,131.67,132.84,579618,0.7068161027266548,0.706638179471595,-0.2764038592939573,-0.4408803534705148,0.3010785710421367,-1.1436194158469946,-0.6824740756642996,-0.9956762255110544,-0.1008410626060637,-0.3684643510619448,-0.0011715437057636,-0.3037967884734638,0.4012271717562818,0.5871797694133121,0.1276911125237139
2016-08-08,EFX,132.71,132.8,131.14,131.36,423192,-0.726626692689576,-0.7184772668793233,-0.5565405436443996,-0.8769193335811853,0.2205292093182584,-1.1232589509015332,-0.6569365337356858,-0.935013018782196,-0.2883402111322045,-0.8162285181698997,-0.0012933689765133,-0.9297241008672128,0.7065495360320757,-0.7948713693809641,-0.538143126141201
2016-08-09,EFX,131.46,132.67,131.34,132.22,494073,0.3746007310711446,0.3792608399704592,-0.3763865494761014,-0.9559859266866576,0.1866909058161857,-0.986737119195132,-0.6450000105915698,-0.937812645268394,-0.2941136142258168,-0.5955602469826292,-0.0011824637771061,-0.5660095815032814,-0.7272672059007318,0.4104654111259028,-0.7529988133221173
2016-08-10,EFX,132.55,132.55,131.48,132.39,318455,0.0470513504951027,0.0547779377684829,-0.3329310816649498,-0.7577600750164667,0.1629892849650122,-0.851428007185688,-0.6366448621805529,-0.9367239748662776,-0.2808568478082899,-1.082905871958333,-0.0012047028630056,-0.4941125253499502,0.3742474983572579,-0.1175144808861107,-0.917747953172242
2016-08-11,EFX,132.74,133.35,132.34,132.69,565181,0.1080826732378595,0.1153669396325237,-0.2648479162200114,-0.9483243313573372,0.1525575407662481,-0.7090242835106522,-0.6327720318101718,-0.9350483026843328,-0.2696958619420034,-0.3364113720790485,-0.0011761686324485,-0.3672353674322925,0.0466126689929805,-0.0547751108819016,-0.95695606477004
2016-08-12,EFX,132.6,133.11,132.08,132.36,332959,-0.1878317682346818,-0.178957629444441,-0.3132607636290692,-1.2165734487811637,0.1281298098695278,-0.6311267333956367,-0.6282926182096498,-0.9397193474995242,-0.3526337470720311,-1.0271058849346706,-0.0012809910462413,-0.5068002411417039,0.1076599131597486,-0.1630618633622244,-0.9427814004738554
2016-08-15,EFX,132.28,132.57,131.41,131.56,345998,-0.409291222855748,-0.4001462158857963,-0.4476896353566952,-1.281699187414863,0.0747285883766049,-0.6433859593307567,-0.6111431561154024,-0.9259689385641388,-0.4273673578250718,-0.9765020911750782,-0.0012830466356123,-0.8451393289221159,-0.1883317243996873,-0.4375448946370162,-0.856485066652417
2016-08-16,EFX,131.37,131.73,130.23,130.32,452753,-0.6198002882496125,-0.6111328724029174,-0.6512462502626866,-1.366623873292425,-0.0178832390856098,-0.7541207648483144,-0.57346508167477,-0.9095747992793258,-0.6281372661049989,-0.6474963158482235,-0.0012962710698658,-1.3695649149817508,-0.4098489518121641,-0.6301787295749628,-0.6320598653282055
2016-08-17,EFX,130.24,131.11,129.93,130.98,529057,0.2823070934512331,0.2880031831133511,-0.4751798868232336,-0.8360154424154639,-0.0662366680642337,-0.7287882534568992,-0.5976514936531035,-0.9381221852191998,-0.6772687415279189,-0.4318375149107939,-0.001178887780518,-1.0904351675629165,-0.6204129333365945,0.4029549557389711,-0.840505346823209
2016-08-18,EFX,131.0,131.59,130.54,131.41,344829,0.1713936051723727,0.1781564390337957,-0.3566883164354211,-0.4746541905043339,-0.0883123180474365,-0.6408836935714082,-0.6152275692999327,-0.93837929563822,-0.540005313969525,-0.9640231017792324,-0.0012020465865411,-0.9085779078809444,0.2819297838195926,0.2101432347621389,-0.9254088066578676
2016-08-19,EFX,130.92,131.64,130.32,131.42,406126,-0.0282583490026502,-0.0200677706190995,-0.3118781512703322,-0.3374537462665904,-0.1058893861724703,-0.5589807734014444,-0.6783827639955431,-0.9732733767195136,-0.6390733254675087,-0.76920353859474,-0.0011955099830364,-0.9043486692836934,0.1709873612067525,0.2622252500943411,-0.7542371980716162
2016-08-22,EFX,131.31,131.88,131.218,131.57,333601,0.0380639601805831,0.0458506725864891,-0.2341773239823389,0.0473516648153607,-0.1142946172206351,-0.4698502865192588,-0.804862005487854,-0.9908121745772388,-0.6906509631932992,-0.9788594900613874,-0.0012045869663893,-0.8409100903248646,-0.0287166767717052,0.123279551054789,-1.1719908522388756
2016-08-23,EFX,131.91,131.99,131.2,131.29,476376,-0.1654901564483896,-0.1566871594132307,-0.2428390639351771,0.1062915121175097,-0.1321482172403607,-0.4228658360962712,-0.948470011617136,-0.9913609883384836,-0.6802754664147028,-0.4731347537901312,-0.0012964084497747,-0.8953550639401426,0.0376229341110237,-0.3814231144168124,-1.089844129604549
2016-08-24,EFX,131.35,131.8,130.06,130.42,628956,-0.4455521602256178,-0.4364382029127715,-0.3670614284704955,-0.4662245005798721,-0.180156134361851,-0.4628949688828565,-1.0809981622311406,-0.9840999032164808,-0.7055570620704488,0.0891625322885147,-0.0013150069962071,-1.1933600026193407,-0.1659842842901939,-0.5612473479557597,-0.4794308224224528
2016-08-25,EFX,130.32,130.78,129.97,130.49,513686,0.0004195575072781,0.0084441158312987,-0.3234379178184253,-1.0940972591748472,-0.2146694246248492,-0.4601833378831753,-1.116275872235184,-1.0662806106655247,-0.4975364939110983,-0.1347650723930819,-0.0011820814584226,-1.0472354176731304,-0.4461193486814018,0.0722393383203651,-1.0739961642772402
2016-08-26,EFX,130.62,132.44,130.56,131.47,434923,0.4345714084664758,0.4384863444667615,-0.1179801503563204,-0.143661921049171,-0.2028111963827118,-0.338654542719061,-1.1310803660105158,-1.0553591103660391,-0.2772435511258054,-0.291425342169662,-0.0011924747780919,-0.4011011949922,-3.128897038772599e-05,0.4653311094301914,-0.3995629244787811
2016-08-29,EFX,131.67,132.17,131.61,131.89,230083,0.1658962955000754,0.1727069292308478,-0.0336285567570723,-0.3338966381688037,-0.1765451375023988,-0.2043459985503667,-1.1318063720411158,-1.0568550436619142,-0.1730425664774391,-1.072119687372675,-0.0012166064611505,-0.137675488251481,0.434233820482871,0.0999186791545415,-1.2374617310045428
2016-08-30,EFX,131.93,132.32,130.7212,132.1,429712,0.0661334426917302,0.0737281052319671,-0.0045360556640274,-0.3155777394831999,-0.1474607185245261,-0.0896447528412773,-1.1331957921013447,-1.0999464528895944,-0.0237773366301937,-0.1907101347235761,-0.0011944132811214,-0.0059626348811125,0.1654886174348113,0.0710366173200328,-0.5826534542724009
2016-08-31,EFX,131.75,132.17,131.27,131.9,479761,-0.1272549946013985,-0.1185923238185237,-0.0597470783908398,-0.53901579156682,-0.1324515536852334,-0.0341132181266261,-1.1550053171821262,-1.1069020869767512,0.004881881023196,0.0829148571109352,-0.0012957070816117,-0.4195533145438658,0.0656997391921685,0.0597006618518233,-1.0226599609880496
2016-09-01,EFX,131.87,133.13,131.48,133.09,508884,0.528695121643581,0.5313264304063426,0.1593401658612236,0.097410633621295,-0.0745601389328521,0.1206901827199514,-1.1231502127992257,-1.0891270273707905,0.035011278716411,0.2857423842624494,-0.0011853989473992,0.4634324063392969,-0.1277391479219808,0.6726534794462548,-0.5580951234702389
2016-09-02,EFX,133.76,134.43,133.05,134.16,383266,0.4675381828366364,0.4710193716427247,0.3591956475715583,0.7956697520788794,0.0115998929488414,0.3172958372546955,-1.0561078357015514,-1.1324180561158337,-0.0215401432975637,-0.2494932896470994,-0.0012004191681564,1.2434278599463289,0.5283820879950234,0.1996158210367636,-0.7340610353596122
2016-09-06,EFX,134.34,135.1,133.6635,135.1,572646,0.4032185905847278,0.4075301716104019,0.5083004801565794,1.6938742307859054,0.1138678937491756,0.5160419955865845,-0.93699154132197,-1.2039727716768551,0.2506693292045541,0.59168502530624,-0.0011804713174489,1.442878752192886,0.4672091949942286,0.4011016173898313,-0.7051718314518498
2016-09-07,EFX,134.77,135.32,134.18,135.19,583975,0.0084785933278084,0.0164541342010073,0.4959706297485514,1.6061434533595058,0.1945195875085291,0.6193989200450203,-0.8423504037734457,-1.2230635218674186,0.1624205852248927,0.6165917677077118,-0.0011806321432086,1.362703687282402,0.4028728234975904,0.2091345863969903,-0.8885457378266569
2016-09-08,EFX,134.77,135.02,134.52,134.68,471855,-0.2678625207813716,-0.2587993471891314,0.3714610725724003,1.1893716288423315,0.2339720405703878,0.5960383232854944,-0.7892891217599987,-1.207282965621694,0.0865618628636062,0.0691841666418837,-0.0012917697093655,1.048170740325881,0.0080298492349615,-0.076770365979941,-1.2819206483500645
2016-09-09,EFX,133.46,133.46,131.09,131.09,819790,-1.692532385640775,-1.697609594273552,-0.325470477863545,-0.2809794523037468,0.1208623150717089,0.184657424562256,-0.78177065676613,-0.8246407477408253,-0.3445700179873803,1.5268166787130633,-0.0013294800124244,-1.1658945137406485,-0.2683833548085629,-1.3679749565965005,-0.0845893176570093
2016-09-12,EFX,130.38,133.36,130.15,133.08,646915,0.9121065171906606,0.9080770462459344,0.0626238380302875,0.1695161496209395,0.1066146207454055,0.1100218719495301,-0.7753131548242727,-0.7285075770336944,-0.0875863811634204,0.6815405679557648,-0.0011720257086445,0.0614007106583515,-1.6934248775638652,1.5382625251790767,0.4189267614926867
2016-09-13,EFX,132.16,132.35,131.17,131.46,647085,-0.7908711613842639,-0.783122978599459,-0.2580988488164853,-0.1525629602280256,0.0295305494126811,-0.111426322851124,-0.7742553163939095,-0.6837035221748717,-0.178640334874272,0.5992888049487728,-0.0013116545131601,-0.9377039443800286,0.9118935052215444,-0.4264849044587755,-0.8432468111783368
2016-09-14,EFX,131.19,132.38,131.13,131.9,520654,0.1753832091875661,0.1821110525576649,-0.1863666643269678,0.1383874685691852,-0.0157571560673622,-0.2067415803490512,-0.8024576291260166,-0.7174066659467642,0.0105828127102268,0.0682866416347623,-0.0011858208317796,-0.6663421862214584,-0.7915284342424419,0.3825695491830147,-0.8015128747285561
2016-09-15,EFX,131.86,134.71,131.22,134.35,732905,1.123426943085642,1.1147505380695966,0.2659634769693925,0.53541240554787,0.0425862582465306,-0.0162490679676563,-0.7843307167398411,-0.6060133591461999,0.210395029801615,0.8698506947123807,-0.0011642382450352,0.840176679049107,0.174978006001898,1.400378011936006,0.5736154269613
2016-09-16,EFX,134.03,134.2,131.5,132.21,1165988,-1.0246759853438958,-1.0189594798353985,-0.1661485964050824,-0.0596708534492917,0.0028735212604417,-0.1162499035097758,-0.7924632882820957,-0.5096557294081149,-0.0780679274567822,2.245329055573986,-0.0013641158713936,-0.4894959359278837,1.1232690589091363,-1.0522379788338183,0.1106677791366317
2016-09-19,EFX,133.0,133.17,131.12,131.55,414778,-0.3437917827768447,-0.3346445577804249,-0.298215541242877,-0.247574854066446,-0.0556287115990064,-0.244614410867556,-0.7945299097799678,-0.5004832206970456,-0.1529490891331685,-0.5195004135971676,-0.0012878727881925,-0.8995818826030307,-1.0253942515669698,-0.8500014266642267,-0.2925875906467132
2016-09-20,EFX,132.48,132.74,131.13,131.85,515683,0.1089835179484727,0.1162608116448617,-0.2415308335061603,-0.231841909725656,-0.0908345193761761,-0.2873414196309898,-0.7980158902337229,-0.4992738600213037,-0.1362218469908568,-0.1794519337021388,-0.0011856286645833,-0.7131791795688825,-0.3443324246980937,-0.3855981378948737,-0.5736615298705092
2016-09-21,EFX,132.65,133.32,131.05,133.12,504697,0.566683195652849,0.5687570417218799,-0.0081090594977213,0.0078662559582817,-0.0696470171697438,-0.1763676175330796,-0.8076600942823425,-0.4734723882906508,0.0372331243107653,-0.2237910785360729,-0.001187970506843,0.0759255966090625,0.1085609928764203,0.2413754131515906,-0.1701719281147264
2016-09-22,EFX,133.95,134.08,133.39,133.66,581650,0.2195530874263089,0.2258766729075492,0.0665053882896751,-0.09362200743715,-0.032920382568542,-0.0475911165708,-0.8412497272629005,-0.4897390835579985,0.1973782905832746,0.0626716384697098,-0.0011808445369582,0.4114504620705431,0.5663800720669689,-0.1898851786749461,-1.1610890267826006
2016-09-23,EFX,133.14,133.92,131.88,132.13,804056,-0.7456609942175343,-0.73762341308361,-0.2521923099501599,-0.5199934935795019,-0.0649755171225026,-0.1216130055546722,-0.8843355391379433,-0.4392569142634419,0.0171037937163413,0.7944231740586797,-0.0013263634083665,-0.6082119836758904,0.2191594069691082,-0.5994523703834699,-0.3045960342138218
2016-09-26,EFX,131.81,131.81,130.52,131.31,697819,-0.4193699986169338,-0.4102314875097599,-0.4126870095518811,-0.8111021151251285,-0.1229301368306894,-0.247495345679076,-0.8801297607078643,-0.4420292440899739,-0.1853505933040667,0.3640639522447955,-0.0013175668531453,-1.1354516085700546,-0.7463064729639557,-0.3129100762338176,-0.7725765951889466
2016-09-27,EFX,131.53,132.82,131.07,132.65,575365,0.602338434505949,0.6038684770780538,-0.1553447111244248,-0.5787766183705463,-0.116476516521588,-0.1824155167371701,-0.8879351885945438,-0.412832739306566,-0.0828475037052979,-0.1154082163765549,-0.001179275943223,-0.2738649044747036,-0.4199303568537783,0.6170195654665979,-0.491840268074216
2016-09-28,EFX,133.02,134.66,132.74,134.42,652410,0.7977369111321142,0.7959340419780686,0.1712102547703624,-0.2264334323301276,-0.0429040781131614,0.0424110287793879,-0.8724925854752209,-0.3630042767436658,0.0904548813435254,0.1032103667981113,-0.0011723891333794,0.8642011151139168,0.6020446124090503,0.76884582491338,-0.4009173397892141
2016-09-29,EFX,134.54,134.58,132.89,133.33,542282,-0.5378410130966974,-0.5289021637312485,-0.0581203213988374,0.1784895433339619,-0.0288585047001452,0.0690511394265259,-0.8824188510464231,-0.3406920459596589,-0.0082520383313189,-0.268322631138388,-0.0012997139999086,0.1633581990960748,0.7974940632212189,-0.7057996788772465,-0.5349520989634392
2016-09-30,EFX,134.46,135.0,133.505,134.58,604652,0.550687650589813,0.5529989840333567,0.1736516001464701,0.0676645317746362,0.0294318399359634,0.204248507415763,-0.8616151837391677,-0.3388673816429569,-0.003054688218187,-0.0793146587819882,-0.0011778142629466,0.9670771394835268,-0.5384322772220236,0.0411102989093231,-0.6655207738634504
2016-10-03,EFX,134.36,134.56,133.56,133.97,407407,-0.3151880691635548,-0.3060615991728772,0.0552465564640044,0.2672385766536181,0.0493553459963371,0.2136508197835751,-0.864900230822363,-0.3498415897265104,-0.1882763266395606,-0.7228583198889857,-0.0012854348757462,0.5748622965744415,0.5503803541981703,-0.245616909685979,-0.9692379145584268
2016-10-04,EFX,133.85,134.56,132.75,133.27,402075,-0.3582974258165299,-0.3491447194561234,-0.0647191542793922,0.0560955408799898,0.0354906726447766,0.1342024775220152,-0.9034740213723236,-0.3587853896765245,-0.3664139269043057,-0.7220558794529489,-0.0012855350098316,0.1247796899574756,-0.315721249148338,-0.3536982123642831,-0.4594340874277841
2016-10-05,EFX,133.38,133.81,131.755,132.05,536204,-0.6029278037500228,-0.5941955800960602,-0.2746827326310685,-0.6336592823300226,-0.0249199283855899,-0.0491646128622433,-0.9471436262724736,-0.3387025639250607,-0.5085951203437524,-0.2741106385055424,-0.0013007166237374,-0.5843941772124926,-0.358841851868337,-0.7796819299475946,-0.2943495282296132
2016-10-06,EFX,131.7,132.53,131.31,132.21,489348,0.0424396706913699,0.0501972706249299,-0.2187602858674534,-0.1889912872378273,-0.0674178527164371,-0.1497513637049247,-0.9823936937010334,-0.3395865733731064,-0.4368248655897719,-0.4310963424144306,-0.0011886398528571,-0.4693823796554731,-0.603536047261424,0.2662530044365278,-0.8222758063471789
2016-10-07,EFX,132.37,132.48,129.75,130.14,664720,-1.007764499462397,-1.0018708692352718,-0.6189188633239795,-0.4721839533040183,-0.1821602290706376,-0.4161767402267356,-0.9401830407033216,-0.4822861063384804,-0.2739093399975891,0.1750827523716193,-0.0013147513731261,-1.6343635853253171,0.0419997861265209,-1.2991161346564375,0.1569513855769605
2016-10-10,EFX,130.81,131.66,130.71,131.11,332006,0.4310449618170718,0.4350052833529847,-0.4077448159511097,-0.3311257405412575,-0.2339190934073869,-0.4671985657481916,-0.9191889381720768,-0.5442052933268494,-0.3848837918464059,-0.9061517731502444,-0.0012057669271286,-1.0201814726930676,-1.0084783539354834,0.1469541130712635,-0.987450690425445
2016-10-11,EFX,130.73,131.0,128.01,128.65,453531,-1.2011355613684045,-1.1975491480625045,-0.8677588187294598,-0.9857515622599652,-0.3691935239400374,-0.7229836558652661,-0.7958593728106143,-0.4790352116781309,-0.4814066937151286,-0.4636345568925864,-0.0012925097107967,-1.576942816156154,0.4307064538787644,-1.2283949807006658,0.345630386989225
2016-10-12,EFX,128.51,130.25,128.47,130.03,380205,0.6348321088957389,0.6358492356094332,-0.5760434366245923,-0.8047347502323547,-0.4189553972968371,-0.7075038778540571,-0.7535172421589524,-0.4410935898943713,-0.3756941415195179,-0.7029394077278063,-0.0012001967568247,-0.9206666327984114,-1.2018998611297416,0.8673003929156561,-0.4504584878667776
2016-10-13,EFX,129.16,129.78,128.33,128.99,464994,-0.5309454316429532,-0.521988723509922,-0.730392791529747,-0.737079180549795,-0.4953084286394923,-0.7635652383441278,-0.7097512678775936,-0.5590330344307692,-0.753408512186297,-0.3645454115981494,-0.0012939169953382,-1.415251582575259,0.6345467635210279,-0.1257575811834837,-0.6544741749003617
2016-10-14,EFX,129.47,131.77,129.47,130.35,569503,0.6234186479946204,0.624617819286864,-0.4418567342349176,-0.3513651362718445,-0.4982477483773039,-0.6194486968541165,-0.6894764598455763,-0.584680648353172,-0.3740950731839655,0.1288041997051268,-0.0011788124126535,-0.7684866482516913,-0.5315348968972866,0.4872045037620188,-0.1207909022120427
2016-10-17,EFX,130.07,130.45,129.4,129.53,370951,-0.424646144692159,-0.4155116892510464,-0.5852043349688083,-0.7329436815017805,-0.5284532569758981,-0.5743381644128115,-0.650104625838491,-0.5800942447724692,-0.3929944717732892,-0.622923265211092,-0.0012833916497133,-1.1584478586526668,0.62313032515617,-0.3399781483532768,-0.915743706912647
2016-10-18,EFX,130.54,131.3,130.07,130.28,382625,0.3274882318184772,0.3326939763730909,-0.420488605949442,-0.9571356475255536,-0.5185927426494399,-0.4351204851718518,-0.6334506429792234,-0.5684511619918774,-0.3423566064727831,-0.5594673713268966,-0.0012001213633727,-0.8017760198712839,-0.4252078793330373,-0.1767950566131505,-0.8044858815243922
2016-10-19,EFX,130.61,130.61,129.35,130.21,433954,-0.0664475523002444,-0.0580562864540129,-0.4057685733357382,-0.8076181690050411,-0.5093576894627091,-0.3253562679856695,-0.6305138103491021,-0.6074937241751538,-0.4885245691417377,-0.3487727390646167,-0.0012902793534518,-0.8350653914908763,0.3271227087257632,-0.2576978697749591,-0.7848613946688731
2016-10-20,EFX,129.88,130.3,129.12,129.53,336795,-0.3581282563919482,-0.3489755943850942,-0.5007659607983368,-1.2302344258962272,-0.5244512640183658,-0.3001663632376628,-0.6321912458924186,-0.6122977592540457,-0.6212810011175262,-0.6964747069555103,-0.0012802725410114,-1.1584478586526668,-0.066915842601177,-0.2299131385213982,-0.8321004452723875
2016-10-21,EFX,128.64,129.915,128.16,129.76,285394,0.0775524679084794,0.0850654113839059,-0.4314583769944968,-1.0807512482390902,-0.5230282314024329,-0.2375009769066235,-0.6177654575848069,-0.6479902802459943,-0.4309078311059453,-0.8403493156074462,-0.0012104412284769,-1.0490684947597142,-0.3586726383120207,0.6314726234281048,-0.4641413471183582
2016-10-24,EFX,130.24,131.6299,129.9,131.19,313807,0.6531090249428084,0.6538303927005079,-0.1444605650869637,-0.6076067454828561,-0.461992493975254,-0.0339265918674224,-0.6176218480321535,-0.6117332398339943,-0.1808985165562262,-0.6652308166498411,-0.0012076365388401,-0.3690141888165407,0.0771217433242369,0.5247752481506673,-0.4923731224772463
2016-10-25,EFX,131.04,132.49,130.28,130.43,764917,-0.3936646039093786,-0.3845127726877813,-0.2743060750537823,-0.5256049867911554,-0.4401538318327989,0.0280403191436295,-0.6252288381340977,-0.6425875177413024,-0.4132676766688899,1.2492616215340788,-0.0013271319574922,-0.7304416521150044,0.6528284475219436,-0.3780151844617831,-0.1792001635529438
2016-10-26,EFX,129.83,130.73,128.11,128.71,820243,-0.8540021344229732,-0.8467140587016481,-0.5622232292834722,-0.8441647820231358,-0.4866248505720674,-0.0982140947122113,-0.6629113170700937,-0.6736363719864247,-0.7913439170519861,1.4254475729493832,-0.0013360785064387,-1.5484090690536425,-0.3942182563028935,-0.6780765399151134,0.1051491880439137
2016-10-27,EFX,126.83,127.98,122.63,123.17,1813050,-2.712737537435392,-2.748879653571458,-1.5766631018240322,-1.2580422685899149,-0.7347105150156368,-0.7181702531211994,-0.3666780210620117,-0.1721842133979352,-1.2866200015867124,4.724878578127458,-0.0014562765919051,-1.7361889590395057,-0.8546758764472256,-2.206554142018519,2.028661457079293
2016-10-28,EFX,122.91,124.44,121.8,122.0,969188,-0.6243892708940048,-0.6157402830399276,-1.693130095653344,-1.5718755834056115,-0.9679050123713612,-1.1758055721099885,-0.1449746525370163,-0.2166469734616012,-1.5403168437589636,1.45641031434903,-0.0013663919128142,-1.8291996263555244,-2.713896173332924,-0.5856862074816213,0.2121176436405355
2016-10-31,EFX,122.46,124.2,122.34,123.97,928857,0.9723181690155036,0.967034956137258,-1.197772414425132,-0.9178069951971948,-1.0646067552067706,-1.1905838268359834,-0.0914561799541902,-0.1039950620480874,-1.2637335383775332,1.1613701320465115,-0.00111864346044,-1.3159835112488074,-0.6250031131226376,0.9052790362130996,-0.3409084910435978
2016-11-01,EFX,124.52,124.75,122.8,123.64,714041,-0.1987228509449903,-0.1898169368988363,-1.1709302304386306,-1.242575632311195,-1.142754122688059,-1.154647787861705,-0.0391323718865364,-0.104292702213504,-1.2287170777358225,0.3560804441153299,-0.0013340005839014,-1.3720193523691584,0.9721208646403908,-0.560251428313747,-0.2769056246484409
2016-11-02,EFX,123.62,124.03,122.32,122.43,547755,-0.6422828868989942,-0.6337090300413406,-1.323976344306123,-1.2604126698789473,-1.2397122954177002,-1.174317645570767,0.0676790933022542,-0.1023812294706805,-1.2374095992125702,-0.2046709315202495,-0.0013151225555368,-1.6861271684193373,-0.1992256482993717,-0.7535987409610461,-0.4272883745405899
2016-11-03,EFX,122.74,123.46,121.87,122.97,396409,0.2416044653958305,0.247714657173772,-1.1226415812460424,-1.4517379167791469,-1.2822158588063268,-1.0498883047093932,0.1084774054372448,-0.0917079239421094,-1.1939024663112077,-0.7025849111437158,-0.0011888991225682,-1.5174774906932262,-0.6429013970888428,0.1152584091169556,-0.5137280124331365
2016-11-04,EFX,123.05,124.79,122.9,123.61,640903,0.2910272471742899,0.2966312105985591,-0.926302544895399,-1.212626270183686,-1.277680470054641,-0.8292673789685929,0.1526664492589396,-0.1158600292341082,-0.904400019904688,0.1292373583046644,-0.0011573655242305,-1.3184619449529835,0.2412165375476657,0.3175192857147923,-0.3170400716718443
2016-11-07,EFX,125.42,126.36,124.82,126.09,454581,1.2160932943520246,1.2051620269289371,-0.3647434161643089,-0.8467138701617637,-1.1647537614861936,-0.3737732470824761,0.1105161592493799,-0.013338161973284,-0.7298023145368308,-0.5183202272038528,-0.001183982257068,-0.5472767052095421,0.2906522123952763,0.3772849166746249,-0.5734404568304339
2016-11-08,EFX,126.04,127.39,125.09,127.07,421943,0.4508875063860488,0.454589906356255,-0.1463873917571005,-0.6590991957289914,-1.0265526927138902,0.055677826502756,0.1039556332249272,-0.0709172885543345,-0.3478480980920245,-0.62415215168215,-0.0011893282660471,-0.2425341507947987,1.2159595843241986,0.5910933088350501,-0.0828327041859288
2016-11-09,EFX,126.44,126.875,121.8901,122.53,1270051,-2.257372294279731,-2.277441902939076,-1.0083890123511603,-1.065153632855565,-1.0848920915636115,-0.1066530949196186,0.1504217830795503,0.1702653825218548,-1.014582397590695,1.9353557518421989,-0.0014003523947389,-1.6543006783896426,0.4505541748317905,-2.362661694617945,1.7992404416295769
2016-11-10,EFX,122.25,122.53,113.69,116.23,3778876,-3.234054038979585,-3.2930406378302552,-2.190524509785799,-1.5353239820915725,-1.3650279054265284,-0.8074179861615346,0.4992726649176105,0.625476505247873,-1.6203056329753285,7.3764368172980355,-0.0017400051049557,-1.4321846413611,-2.258412137682025,-3.7467398364662894,4.747256454441035
2016-11-11,EFX,115.84,116.38,112.73,114.03,2159165,-1.2114154054957549,-1.20796897852054,-2.4937340743558143,-1.853256430319934,-1.6562241618464573,-1.3964992878955529,0.8525327186572695,0.6083425641228182,-2.0062532300298352,2.8579062729860567,-0.0015888827872237,-1.662606631470497,-3.235348672274718,-1.2068131939869435,1.0763436959889632
2016-11-14,EFX,114.64,115.28,113.35,115.14,1561524,0.5730411543824986,0.575019489537169,-2.12222932609169,-1.65500464833781,-1.8239849200763387,-1.550043481836195,1.0661971337830984,0.6545648934332954,-1.799063822012102,1.278810216196504,-0.0009566749297833,-1.475873761705256,-1.2121823869908277,0.30320100479993,-0.1943475376749945
2016-11-15,EFX,115.27,118.36,115.27,118.15,2153610,1.594559045281818,1.5730539298065294,-1.3668315432663534,-1.1606988747424518,-1.8192015978656555,-1.2287533442146543,1.0866722811691998,0.8073611332076384,-1.5348997748392903,2.147940116560214,-0.0008850780231825,-0.9695080518013124,0.5727396894163606,1.8613310700541776,0.5883058494577789
2016-11-16,EFX,118.11,119.78,117.7,119.5,1314574,0.6783738310327758,0.6786777658749463,-0.971569342088426,-0.5775403459624229,-1.7438745191243032,-0.7901428191911074,1.0390268790799286,0.8475828193014558,-1.3754713076072451,0.4105862870524646,-0.0010493287191253,-0.7424005074922363,1.594524066748305,0.8628290030616961,-0.1407047599777883
2016-11-17,EFX,120.0,122.41,119.255,121.81,1232727,1.17048568600032,1.1606806928036622,-0.3995437552017936,-0.2083153353023761,-1.576785695743102,-0.2030612481124267,0.951297224515158,0.9339674924211354,-1.0427966616065505,0.1662529757246436,-0.0010731813635897,-0.3537942650078148,0.678099844517568,1.1132562086491609,0.5672871397277722
2016-11-18,EFX,122.03,122.59,121.34,121.56,687909,-0.1607729856232824,-0.1519860333605599,-0.3662573272694739,-0.4495727629609101,-1.43931017497696,0.1903798776009649,0.8352383481460234,0.9304249212709008,-1.0955727115068892,-0.8323348603670696,-0.0013318655166405,-0.3958512176576438,1.170340078179065,-0.3173051522265619,-0.734330857854966
2016-11-21,EFX,121.37,122.3,121.22,121.6,679545,-0.0125096865204186,-0.0044086538653431,-0.2556778689516651,-0.4119391342933426,-1.3153195636220394,0.4704228534847228,0.6193870599588169,0.8985698782956504,-1.2410649509392229,-0.8658534906977899,-0.0011517128451967,-0.3891221052336726,-0.1612658828826011,0.116856478616502,-0.851125477632822
2016-11-22,EFX,121.6,121.68,119.77,120.24,635799,-0.7293030413910645,-0.7211689840048501,-0.4396272477924912,-0.4270080809285754,-1.2577770372767252,0.5234210072552202,0.3994458387685921,0.907146740779798,-1.3148812247407746,-0.9355707700062966,-0.0013251439789097,-0.4943803771277679,-0.0129639058887095,-0.8713036217282754,-0.2674629453144103
2016-11-23,EFX,120.18,120.635,119.5,120.07,482869,-0.1210188838264708,-0.1123813226080794,-0.3840731619203039,-0.508534500647062,-1.206651243050748,0.5493029722580193,0.2197058044801554,0.8924330265238688,-1.1533505247145166,-1.189802908407283,-0.0013072322421027,-0.2813360649330262,-0.7299442527893242,-0.0954686258059431,-0.8035178251709102
2016-11-25,EFX,120.14,120.175,118.93,120.06,374502,-0.0381811881752537,-0.029936223399999,-0.3528879059224544,-0.5895945521950815,-1.154910291854546,0.5715919477119261,0.2119835381354918,0.5985677238946123,-0.5383072574342224,-1.3370196575540332,-0.0012939428419844,-0.2192120165283609,-0.1215014103141521,-0.0766257136050341,-0.7270945987891
2016-11-28,EFX,119.68,119.93,118.59,119.19,1041239,-0.4841412423167632,-0.475083707345749,-0.5113965957249664,-1.018796215222123,-1.1367371551787793,0.5030201513564635,0.2244313773862079,0.592395020722726,-0.5057491148484181,-0.0845525057768705,-0.0013878354724934,-0.4164860913970502,-0.0386421045450921,-0.335644548252918,-0.6543597963558774
2016-11-29,EFX,119.2,119.85,118.905,119.32,712215,0.0349085200392833,0.0427160368461708,-0.4333677396944514,-1.1545163704318588,-1.106163556254123,0.4800812906315482,0.1992377805538695,0.5353402956399211,-0.718355833800016,-0.6901367301331753,-0.0011379637315937,-0.3870083560718449,-0.4847184976220036,0.049742293266675,-0.9312743510765664
2016-11-30,EFX,119.47,120.0,114.21,114.45,2085784,-2.574033946320861,-2.6048998558180867,-1.3967638036447363,-1.1817762381254695,-1.2607585790479374,-0.0148906426451482,0.3128620548418374,0.7995374681027732,-1.2591090273054697,1.680989786758195,-0.0015383074152356,-1.4912896717161097,0.0344666708006007,-3.200920731867064,2.6248715949825807
2016-12-01,EFX,114.45,114.74,110.87,111.54,1964936,-1.6159658038281322,-1.6194269897250082,-1.9209751120629457,-0.8601256865876973,-1.4824089849033024,-0.583467590934316,0.5588863900693278,0.8718969544539211,-1.4738277154951769,1.2583521730491982,-0.0015543768568997,-1.7464842846390465,-2.5751563981970285,-1.9472924776083556,1.3002766465368885
2016-12-02,EFX,111.59,114.08,111.475,114.03,1084719,1.3568418032048897,1.34223363441779,-1.2816590630396918,-0.1889912872378273,-1.543971209154371,-0.6262649259726449,0.6283386478349872,0.9746985819723754,-1.2351987736859027,-0.271807113454741,-0.0010488901744577,-1.2454423943102453,-1.6168383215976343,1.625680543791399,0.3125868097530587
2016-12-05,EFX,115.8,115.82,114.04,114.33,1065202,0.1307977940926799,0.1379023025895994,-1.1174782401734829,-0.3079046469704184,-1.5646132780212083,-0.5551750184690272,0.6432783902235232,0.9684035312049922,-1.2700671894200108,-0.3330479966227326,-0.001064802031206,-1.185075901499547,1.356744810662245,-0.9853936163631544,-0.2937928102256802
2016-12-06,EFX,114.81,114.88,113.13,113.5,834267,-0.4849699005153601,-0.4759138417544525,-1.167302610369547,-0.954827001632648,-1.5969252194682395,-0.5283411435951862,0.5466218979964849,0.8711104348292439,-1.63391884388296,-0.7239531837814112,-0.0013736515730788,-1.3520898649424804,0.1303809597761999,-0.8883741987965531,-0.3063326778051914
2016-12-07,EFX,113.76,116.16,113.29,115.99,762906,1.3328410791638057,1.3188813533720811,-0.4932574450366409,-0.7324434625370088,-1.5088403136607655,-0.1969746314484186,0.255402590879587,0.9628288654799676,-1.4480858161897134,-0.8527909578899595,-0.0011170371285913,-0.8178970075735353,-0.4855473719951474,1.454700334762908,0.4708216806084329
2016-12-08,EFX,115.77,118.11,115.55,117.6,874068,0.8311770785338761,0.8287441972866372,-0.0790720260835316,-0.8657169314019075,-1.3616694875191715,0.2202047200676342,0.1533982945949901,0.8331788683903277,-0.7583909228249134,-0.657979674271868,-0.0011049631376187,0.027548899646975,1.3327378254803748,1.1679459251206992,0.2228988855867348
2016-12-09,EFX,117.62,118.125,116.91,117.16,618384,-0.2659342785905973,-0.2568744486447419,-0.1877887483096384,-0.8890020177970918,-1.2496430573334627,0.4634871310872824,0.1466662804267763,0.3521552625553772,-0.0499643363423433,-0.9246525965294884,-0.0013355527325312,-0.0972497246256093,0.8309429542596362,-0.3217919901830859,-0.7270430522485748
2016-12-12,EFX,116.88,117.63,116.52,117.03,852244,-0.1020771703546622,-0.0935196969180282,-0.2501839303198462,-0.9125317615173686,-1.1543668534553349,0.6149982657359894,0.090789191704566,0.2692572449923626,0.2189095148580438,-0.4053133381702619,-0.0013750931429951,-0.1341220454334174,-0.2664546095914713,0.070644159053607,-0.800856892233701
2016-12-13,EFX,117.0,117.66,116.15,116.48,811987,-0.3255870079685434,-0.3164514659816469,-0.3877142268209967,-0.8113787645698027,-1.0896408109491775,0.6575715839927759,0.0673929415501849,0.2601927625250339,0.00344520031819,-0.4249878852205124,-0.0013751577418377,-0.2901203257741478,-0.1025547554608014,-0.3621022626789062,-0.5109264279115976
2016-12-14,EFX,116.12,117.28,115.57,115.85,838885,-0.3697282170223842,-0.3605735840293565,-0.5029446802985619,-0.8699247563260087,-1.052700269441442,0.620110837344977,0.0820628528647597,0.1122886332345058,-0.4533767710601685,-0.255315800960447,-0.0013864029886495,-0.4688092650735339,-0.3261229007556475,-0.2019881146965512,-0.3611739702390397
2016-12-15,EFX,115.88,117.58,115.83,117.13,1003513,0.6548786915031648,0.6555711450809587,-0.1908150548325229,-0.6310280404703329,-0.963637345321898,0.7243043556027705,0.066017769126777,0.1101597937536346,-0.4587499401602942,0.1314559037204261,-0.0010614291829421,-0.105758721735104,-0.3702756250589393,0.7886621465098105,-0.346156105842257
2016-12-16,EFX,116.74,118.02,116.74,116.97,1182802,-0.1180407455170976,-0.1094153955115901,-0.1725993410254632,-0.5365485423400607,-0.890779030702794,0.765948784310991,-0.0262972568404042,0.0073482851469343,-0.7510324843058266,0.5270520198764155,-0.0014432752378031,-0.1511400396524069,0.6545985757405174,0.1225348333060023,-0.6793268070519523
2016-12-19,EFX,116.19,116.87,115.68,116.02,748479,-0.5386396749543244,-0.5297029439154484,-0.3237835908247143,-0.6840599760091184,-0.8621835647006623,0.6853325169053889,-0.1206007800535425,0.0162882832221827,-0.8368047247343116,-0.422400988112118,-0.0013795143300238,-0.3835307014500606,-0.1185224950889157,-0.1368579354598133,-0.7365090177188516
2016-12-20,EFX,116.72,116.72,115.48,116.09,710674,0.00456698595106,0.0125664478015996,-0.2465318669551498,0.1366226235243996,-0.8289075669854408,0.6328871110368477,-0.2435249522976704,0.0166489409183926,-0.8329612247626733,-0.5068834077262466,-0.0011060780996107,-0.2761013397870907,-0.539231147428962,-0.4341097709633688,-0.7011295198086898
2016-12-21,EFX,116.15,119.26,116.035,118.65,1334516,1.339909254530865,1.325759478308291,0.3476403837564615,1.2567621002080291,-0.6954649377451093,0.848757971557625,-0.2965993573282371,0.1243518799361815,-0.361685314102103,0.7385656176188599,-0.0009981797545513,0.7671490694664806,0.0041172214254777,1.5998518770504833,0.6739459767429459
2016-12-22,EFX,118.6,118.97,117.93,118.91,763475,0.1034311777627156,0.1107512422041999,0.4195035020686436,0.983804386093641,-0.5745512987118601,0.9892052548629636,-0.3386343999582248,0.1257760504431192,-0.309364160850331,-0.4749124838505352,-0.0011141419883207,0.9909615415679788,1.3398078447435184,0.171162820138201,-0.8624155341027107
2016-12-23,EFX,118.78,120.06,118.78,119.65,736191,0.3544478031256525,0.3593456003961328,0.5909332233523482,1.0452524000093832,-0.4461563293204131,1.120819897061011,-0.3560215300588412,0.1353337840903579,-0.2176309169169324,-0.5583242767968316,-0.0011242253484352,1.2945746792493158,0.1030072042350444,0.527059885326656,-0.6997543223155166
2016-12-27,EFX,119.52,119.65,118.33,118.59,507681,-0.5845507421615445,-0.5757532013975175,0.3590055131269424,0.9708865784635686,-0.3833959492440493,1.0571693077966275,-0.37455516949731,0.1412222195193139,-0.2414087368678697,-0.9914937042431492,-0.001321070159163,0.91115439310252,0.3540893130570753,-0.6141943972337522,-0.6636745675941056
2016-12-28,EFX,118.79,118.79,118.23,118.48,926163,-0.0907444545943595,-0.0822376438092177,0.3438489581973164,0.5064170461872982,-0.3358121218236047,0.9671846511072992,-0.4015859832588931,0.1409693928284325,-0.2708686828289114,-0.1445738089768485,-0.0013898171755813,0.8713654954835135,-0.5851541915938322,-0.2234800612489562,-1.1974103160220504
2016-12-29,EFX,118.69,119.07,117.87,118.67,503629,0.066843821269116,0.0744334606171582,0.3382843583209262,0.1563162065651858,-0.2889888817345048,0.8932391870581741,-0.4017397318661437,-0.3055984821607848,0.3740454527982393,-0.9210609996394928,-0.0011582366205458,0.9400917731890702,-0.091219083300986,-0.0390474945163136,-0.7485748375514012
2016-12-30,EFX,118.6,118.65,117.78,118.23,788523,-0.26383396754293,-0.2547778477060304,0.1631913158452376,0.1563162065651858,-0.2678066355589816,0.768083338885172,-0.5925455251772025,-0.5402179723230668,0.7134000117152967,-0.1636431844000419,-0.0013710587803072,0.7342879294183079,0.066410303088142,-0.2620177355879295,-0.9780569817605792
2017-01-03,EFX,118.59,119.3,118.125,118.76,766836,0.2460935270594998,0.2521593342475599,0.2283426545024944,0.3458762078214717,-0.2292149609943557,0.7127702293237096,-0.6488022464857578,-0.6820084977312659,0.4417257094272719,-0.1804076342248886,-0.0011118363579112,0.8192949140002126,-0.2643537506293685,0.0819877199716108,-0.766757465476043
2017-01-04,EFX,118.68,119.4,118.13,119.34,894829,0.2710597143512633,0.2768728539877151,0.3012265382746294,0.6924657393806217,-0.1754778553807122,0.7075038204719423,-0.6942549983741144,-0.6791748339874031,0.4760952805581497,0.1531954205843234,-0.0010968696185922,1.0975092418092514,0.2457067702863003,0.3938399894715736,-0.7044218438724996
2017-01-05,EFX,119.54,120.45,119.1,119.98,553013,0.3008831592198814,0.3063815502242982,0.3704837828026048,1.0825519053793635,-0.1081526319796732,0.7382662746610649,-0.8066796166003685,-0.7132487323270332,0.6710150404091223,-0.6625908241062176,-0.0011570785779719,1.224671304902667,0.2706794705821402,0.25177267008071,-0.6535829422867441
2017-01-06,EFX,119.98,121.03,119.4,121.0,576472,0.4962854892749301,0.49937450142714,0.5405506543294621,1.0357780000616472,-0.0161639757073494,0.8263594896515425,-0.7487940220389994,-0.8581623165805462,0.466884746009915,-0.587191366313255,-0.0011561178410652,1.424910203341845,0.300510695582171,0.6159806725466291,-0.4686329855247101
2017-01-09,EFX,121.0,121.61,119.79,119.84,759556,-0.6298499562612137,-0.6212233436644085,0.2573477422878691,0.6312020456908863,0.0092820285823162,0.7255544209467142,-0.7226579464423947,-0.8707696884950178,0.1122668506364732,-0.1105998698366196,-0.0013533484913774,0.4830416687877953,0.4959640008284787,-0.7506146565252172,-0.3256332802309436
2017-01-10,EFX,119.73,120.42,119.0,120.04,592872,0.0709058886882583,0.0784666502197164,0.2693137297269083,1.0499797781489495,0.0352171948118821,0.6461694603954201,-0.7032359179619976,-0.8814675162454141,0.1935444109291622,-0.5325041003734204,-0.0011527631360293,0.5914978364041918,-0.6304652230351981,0.1692990291984042,-0.6054523551638128
2017-01-11,EFX,120.15,120.6,119.1037,120.52,560086,0.2159531238869575,0.222310815163197,0.3364250911467491,1.120195372142856,0.0721340474503509,0.6109281637253947,-0.6794872823876179,-0.881111765830938,0.2704967136128398,-0.5892884009629173,-0.0011604045983209,0.8517926386835335,0.0704734301909817,0.2063439610835897,-0.5566165668498417
2017-01-12,EFX,120.26,120.96,119.17,120.86,508580,0.1426406375782166,0.1496481747404753,0.3623414779470184,0.6512104486333199,0.1117870819161966,0.5897780113107247,-0.6733417725407765,-0.8995867182919459,0.3847816946065923,-0.6968127456934586,-0.001170125893059,1.0361681236314062,0.2155585042964828,0.3506256668094771,-0.3570020556864948
2017-01-13,EFX,120.72,121.065,119.69,120.31,432930,-0.3163149295668276,-0.3071873922837821,0.1908121204579898,0.3240649718627104,0.118504613511075,0.4880824719611291,-0.7314700980786792,-0.9051749733742552,0.397926683017371,-0.8658837707597862,-0.0013029204559994,0.7379136626863224,0.1422268927397974,-0.2829122426686503,-0.6388371442492617
2017-01-17,EFX,120.01,121.72,119.58,120.66,544268,0.1481220113452876,0.1550839117884812,0.228591463899956,0.2000117049563802,0.1343578430956118,0.4302411698393076,-0.7388391116068558,-0.9467959921475008,0.2751382624423565,-0.5155733118877549,-0.0011653336238044,0.8781940679478454,-0.3168484035190602,0.3828881850366191,-0.1132082131048151
2017-01-18,EFX,120.07,120.38,118.1811,120.26,984777,-0.2393876807065254,-0.2303799648985029,0.1038644906008168,0.5149432906991342,0.1280076572582933,0.3268169190692486,-0.77410553660094,-0.9394712263248594,0.2456097213595434,0.7602481991477497,-0.0013789110678047,0.6651055078553822,0.147709696449265,0.0932373691961248,-0.0674737804311079
2017-01-19,EFX,120.13,120.87,119.785,120.18,810412,-0.0744116675310456,-0.0659814875990986,0.0401964676445431,0.5306775294068938,0.1167842825744796,0.2315340142523934,-0.8848450952128292,-0.9845506248369664,0.3591223090036987,0.2536598375589,-0.0013605797776811,0.6224877958368896,-0.2399010864168768,0.0051292932977738,-0.8389122470535585
2017-01-20,EFX,119.8,120.0881,116.69,118.08,1508714,-1.120879873531109,-1.1162608025181833,-0.4428002789108828,-0.3849756382339072,0.0232783748758202,-0.0564861331191553,-1.0084876013328237,-0.8174759888766093,0.0842780123122588,2.0068784493736507,-0.0014718780251994,-0.6855329973745151,-0.0748820354545785,-1.1110333327912283,0.8070549412978513
2017-01-23,EFX,117.77,118.29,117.52,118.18,593538,0.0197292597079338,0.0276346378917544,-0.4157460588224205,-0.2062621477434714,-0.0480326171877163,-0.2297729202485215,-0.9933622730817214,-1.047566022012322,-0.2256537577501234,-0.3679865476767052,-0.0011444373626556,-0.8966048745559012,-1.1216232367507173,0.2367065612774697,-1.0483177920679605
2017-01-24,EFX,118.22,118.87,117.46,118.87,676018,0.3305007066015352,0.335672610375312,-0.2638015713617846,-0.1516949732851302,-0.0781865608081594,-0.2624648157622457,-0.9926414723477842,-1.0310774537135785,-0.1724173414438731,-0.1233127488493825,-0.0011346089975812,-0.4406038286641888,0.0192834506101321,0.3890840611764122,-0.6027598245567809
2017-01-25,EFX,119.11,119.67,118.3,118.63,1260295,-0.1586957906722913,-0.149916016877218,-0.3053813224188149,-0.4395242512625949,-0.1119349529403049,-0.2978703807652989,-0.9822666383916984,-1.0520684255047428,-0.2926777897354988,1.4096649479686134,-0.0014366829549526,-0.5992128881047909,0.3301359693821433,-0.330781808826438,-0.6288609708583167
2017-01-26,EFX,118.36,119.32,117.63,117.84,508914,-0.4475947923046403,-0.4384832171034969,-0.4707960030179672,-0.9307930327487676,-0.1695138346913717,-0.3875341028141348,-0.9571901632408596,-1.0704959881372036,-0.260359251245508,-0.6496436526537767,-0.0013269226151783,-1.1213010420967475,-0.1591881460475399,-0.3582439611574373,-0.3960926356837155
2017-01-27,EFX,118.26,118.38,117.02,118.09,822147,0.0990856726190792,0.106438869296211,-0.4116229305088495,-1.2981826992152594,-0.204643739740006,-0.4014818008716391,-0.945577877716439,-1.067639964811819,-0.215820588404235,0.2247130844683854,-0.0011024045645952,-0.956083271846127,-0.4481625136279744,-0.1349230405999046,-0.6315172382021048
2017-01-30,EFX,118.14,118.14,116.79,117.34,521760,-0.4284023274444006,-0.4192710337188373,-0.5620878697054115,-1.1952784464806816,-0.2606922076827206,-0.4664839801019931,-0.9001612008050803,-1.0494515843366057,-0.3320771929031696,-0.6060678288127543,-0.0013274653710609,-1.4517365825979898,0.0986605654664622,-0.5379250503329776,-0.6324849695522704
2017-01-31,EFX,117.54,117.97,116.51,117.28,663951,-0.0648307307107682,-0.0564474888089662,-0.5650137533325604,-1.3215941137345002,-0.3056452121199204,-0.4899261914272166,-0.8655865938160696,-1.0553353480596783,-0.2854861017252494,-0.1984584085852664,-0.0013539610032187,-1.390012999485556,-0.4289650419719268,-0.1934380766477112,-0.5538268451121776
2017-02-01,EFX,117.69,117.92,116.31,117.21,825903,-0.0701555129093156,-0.061746003106904,-0.5636520524721146,-1.6295545273398613,-0.3417819759762791,-0.4859871090005,-0.8222825346081741,-1.069460863876398,-0.3591589281014526,0.2424751706402514,-0.0013868770569631,-1.3282966145105657,-0.0652985992266087,-0.3344553636426501,-0.4465514108021537
2017-02-02,EFX,116.64,118.09,116.38,118.05,679706,0.4131839031884333,0.4173710908378586,-0.3646753042992716,-1.3278370553752734,-0.3351941225582397,-0.3728634136826744,-0.8085894159850417,-1.0524058026806409,-0.3262305015702479,-0.1341592778229622,-0.0011175592932356,-0.8121575218207862,-0.0706247705170411,0.8869894940379139,-0.3840992547715138
2017-02-03,EFX,118.43,120.46,118.43,120.35,563053,1.1799940988096274,1.169956933539584,0.13778701428816,-0.1759251728153773,-0.2384032267783668,-0.0501833791997232,-0.8011779641511824,-0.8728380432637967,-0.122185873518625,-0.4630741060754973,-0.0011435110460283,0.601080470067889,0.4128407357822504,1.1985371813762693,-0.1855744668368456
2017-02-06,EFX,120.18,120.74,119.34,120.53,1197827,0.0601194264102398,0.0677562929576715,0.1826607813124919,-0.2322718685140064,-0.1545265844648613,0.1747195822781129,-0.8164666224144068,-0.9055370225825028,-0.2245238775940276,1.180289752158061,-0.0010389602371812,0.7116817042157028,1.1798509714765086,0.1937127785360174,-0.6232893603668349
2017-02-07,EFX,120.55,121.32,119.76,121.14,701627,0.2820906812006256,0.2877890419137743,0.3024720897481737,0.0971941151894887,-0.0649937388554803,0.3692009213746015,-0.7825640809085869,-0.940415977475243,-0.0081602409858807,-0.1481520437489898,-0.0011315256593398,1.086496997716612,0.059684154016233,0.3434516220585307,-0.5180884656563259
2017-02-08,EFX,121.14,122.62,120.41,121.99,946019,0.4038483673312568,0.4081521333845032,0.4676468872448273,0.3535315949693053,0.0372879997263306,0.55760142369554,-0.7188658040711314,-0.9213881479780036,0.0710999543254796,0.4533247704041898,-0.0010985725131022,1.110987410102743,0.2817133151128728,0.5038057653613438,-0.0815009725454777
2017-02-09,EFX,124.25,128.37,123.24,128.13,1803806,3.1005751532862837,3.0157149534367105,1.7286122075715815,1.9459336199535104,0.3542113185300612,1.2608055580712914,-0.2223096965825162,-0.1248671786230773,0.759876533813273,2.360157583869188,-0.0009814480761114,1.3767258857761175,0.403502764535866,2.3329665591866378,1.7454325773944928
2017-02-10,EFX,128.0,132.69,127.75,130.56,2566929,1.1477347079164313,1.1384795951778557,2.145893773091247,2.062647044368148,0.6913439912595181,1.8753873946804591,0.2798440411538057,-0.0633660204249976,1.0112383434188728,3.5303478923134324,-0.0009029068033635,1.0106133874338814,3.1009330536868287,1.484719152354805,1.5620450049528571
2017-02-13,EFX,130.85,131.3091,129.975,130.12,896633,-0.2428117331510719,-0.2337966587443018,1.9343107716784975,1.889196739436753,0.9288047630308346,2.1104991067149665,0.6044973667379565,-0.0681567551496392,1.03005484959658,-0.14435071486677,-0.0013484548686392,0.9213191336808476,1.1475831649793622,-0.4478129449481577,-0.7368431093709562
2017-02-14,EFX,129.45,130.84,129.26,130.32,709584,0.0626972208563475,0.0703160679841284,1.864817390749339,1.9759061922376813,1.110369473760854,2.1547129774514597,0.8652021028212765,-0.0669246777536326,1.0083233846744066,-0.553606925787269,-0.0011557077269919,0.9619074308413156,-0.2433260321042429,0.4814474745576026,-0.580899116967897
2017-02-15,EFX,129.26,130.58,128.32,130.06,612570,-0.1572063695528523,-0.148431785569922,1.6950109122324677,2.1520435348463582,1.2281745794415768,2.025967948240833,1.057589252452472,-0.0714052673620294,1.0293315092904272,-0.7320207884167192,-0.0013155322286796,0.9091426445327064,0.0622626209393008,0.4412792106213186,-0.1431435071224203
2017-02-16,EFX,130.1,130.65,128.78,129.93,674906,-0.0952253593273797,-0.0866982710402359,1.5550732447607971,2.097082121595386,1.2997409976046816,1.803954339183198,1.2043242542056216,-0.0705772590415675,1.024017956293282,-0.5880314060593145,-0.0013251049165035,0.8827602513784016,-0.1576983363783512,-0.1250390987199238,-0.3918518238321003
2017-02-17,EFX,129.63,130.18,129.1901,130.14,581463,0.0676288155236894,0.0752128947153665,1.462807907579731,2.3731033234257173,1.3474933774439326,1.5650465272409988,1.2884993955735558,-0.1961654095260136,1.332521248044462,-0.7243165036005696,-0.0011695486415077,0.9253779633968908,-0.0957011569810485,0.2709249089297044,-0.9573979988032736
2017-02-21,EFX,129.84,130.48,128.9305,129.36,1113712,-0.406142418100795,-0.3969957184497376,1.170608987313979,2.1162301072788896,1.3375257863153265,1.2253500660430665,1.3153370342584545,-0.1687168929877835,1.221892009629204,0.4121240518977536,-0.0013792378983954,0.7670836044710636,0.0671955021265185,-0.305620747381283,-0.5930503879403579
2017-02-22,EFX,128.94,129.74,128.86,129.06,1124425,-0.1773792468981295,-0.1685373946102227,0.9936947380338076,2.0391481069432564,1.3011250104777956,0.8855543346810544,1.3232459578875744,-0.1570808210444015,1.0915113534072547,0.3765230295751926,-0.0013876831536355,0.7062011587303562,-0.4066993256190809,0.0439968834501703,-1.0230614145992771
2017-02-23,EFX,129.77,130.03,128.681,129.22,765579,0.0441873290215396,0.0519332161671686,0.9109565767356064,2.0065648382644192,1.262326579516117,0.6075462265765975,1.3041633588771917,-0.1652852987931941,1.1435789332781563,-0.3514246050094833,-0.0011385607346044,0.7386717964587314,-0.1778764762825786,-0.3465252419099984,-0.7212819616444723
2017-02-24,EFX,129.22,129.38,127.94,129.38,819623,0.04409176069209,0.0518382895936261,0.8185791312588468,1.881520112329153,1.2220917911889195,0.3814425809605268,1.2371936158875796,-0.1965977676765318,1.2707679708713864,-0.2622141035806314,-0.0011352415995387,0.7711424341871068,0.0437479003735551,0.0672315502572657,-0.6637397490419608
2017-02-27,EFX,129.58,130.99,129.19,130.81,866809,0.6551241735425745,0.6558126123798604,0.9798058782322592,1.959170591291573,1.2306022270499295,0.326029032397837,1.1768854399318736,-0.1887159552003404,1.41447672861121,-0.1641394802380806,-0.0011332916271386,1.061348758884469,0.0436523071129091,0.6908365263747388,-0.4445190171658364
2017-02-28,EFX,131.03,131.64,130.36,131.11,1300320,0.1097867048236494,0.1170577708289397,0.8930368577156458,1.9412259541373,1.233241319966586,0.2665854578818276,1.0521893625618048,-0.2243677525194129,1.5560085357784212,0.6630331887402005,-0.0010847954181387,1.122231204625176,0.6548441218195622,0.0198113802515504,-0.777684208112537
2017-03-01,EFX,132.25,133.38,131.49,133.18,892482,0.949950624800154,0.9451397078780684,1.150116172227612,2.00756530818682,1.300115908682361,0.384371658666606,0.9250758158955122,-0.2098775014164743,1.8236224478111196,-0.2077019700055437,-0.0011401591208031,1.403931106762982,0.1093643892813635,0.5049738854345343,-0.4086070953179923
2017-03-02,EFX,132.72,133.4,132.04,132.91,735383,-0.1592137193140261,-0.1504321491603296,0.9256881577102288,1.3519095962214247,1.3255126572932954,0.3718373728896276,0.7143078939964856,-0.203756265942574,1.7997513365932922,-0.5239703903384741,-0.0013241961547528,1.347176698529734,0.9497474853367694,0.0818422735915233,-0.7385395441582112
2017-03-03,EFX,133.09,133.1992,131.81,132.8,550601,-0.0845225205540935,-0.0760443988299564,0.7466668805237056,0.7787441551477111,1.3243482423230253,0.2934419664502368,0.4657666924372363,-0.1905082560252622,1.6675641802788437,-0.8984043777484086,-0.0013055661768942,1.3096450232372765,-0.1597062098028712,-0.1909421252518903,-0.7195082236467322
2017-03-06,EFX,132.19,132.59,131.25,132.06,737671,-0.379915830317878,-0.3707612584533411,0.4733553959904941,0.6138223470866666,1.2778755746116333,0.1141029787072151,0.257485485107996,-0.212675492017248,1.2615176066624263,-0.5227819352631335,-0.0013288738980518,1.1260648645561184,-0.0849955261261463,-0.100616664863681,-0.7456722904976983
2017-03-07,EFX,131.78,132.02,131.1,131.37,560855,-0.3582879245753971,-0.3491352206938217,0.2215418420182026,0.2175434358076762,1.1983799478019146,-0.1143687397287601,-0.0263307102474578,-0.1888555097803578,1.1533742639170208,-0.8486047338611975,-0.0013103196968408,0.9481508547582624,-0.3804658960276353,-0.2613767414434004,-1.0076777803706134
2017-03-08,EFX,131.48,132.3399,130.9,131.81,715146,0.1755259672959779,0.1822525539373279,0.2012975031688073,0.4729105617943169,1.1378826259408708,-0.2482448045881614,-0.3690255554048499,-0.1887217752880432,1.1261129740174625,-0.5207754776122406,-0.0011543454940477,1.0359927903350283,-0.3588323481485869,0.1633099254380407,-0.6809035724669659
2017-03-09,EFX,131.86,132.56,131.436,132.55,386671,0.3165293931743023,0.3218570354173478,0.2425565557514716,0.7300076487061353,1.1046315840943182,-0.2852142007526094,-0.8127877582026152,-0.1902943157179284,1.1038564621542954,-1.1954954190456857,-0.0011964060555801,1.16477301333205,0.1751208013520452,0.3690325448584631,-0.8846085021029539
2017-03-10,EFX,133.16,133.3454,132.38,133.26,577563,0.3004872208033618,0.3059898825359256,0.3327032312574297,0.8439070793982207,1.0919390580816373,-0.2618724518347218,-0.8298752426424537,-0.989033294040872,0.4205352178441912,-0.6860535062068917,-0.0011746822356539,1.3605096521500546,0.3161610112165191,0.0304210468928235,-0.9875623380653794
2017-03-13,EFX,133.38,133.6,132.64,133.38,542841,0.0230670253846639,0.0309511999270201,0.3280137971485748,1.2484557255167223,1.0725430668916154,-0.2604536566693141,-0.787561045717941,-1.1639013114031964,0.1497417209498119,-0.597323674203489,-0.0011803015635415,1.313670282539645,0.3001146538760105,-0.0263165508545973,-0.9914796571995012
2017-03-14,EFX,132.88,134.0,132.5427,133.49,640045,0.0183488671660636,0.0262629625642631,0.3157463599702161,1.432448587796386,1.0477270386733752,-0.2732697025437691,-0.7570935627209581,-1.177374977904924,0.2128924929308999,-0.3088711984069871,-0.0011707448288932,1.1631209000318892,0.0226220870197941,0.3205120836117464,-0.6814981877743465
2017-03-15,EFX,133.62,135.51,133.3,135.19,612595,0.7598623264709854,0.7587520040106801,0.6055159171242241,1.6452173206360563,1.080809688389392,-0.1344923389440208,-0.6634787651929772,-1.0995678448318134,0.381352824338065,-0.372420171120251,-0.0011755720672836,1.3023585286814494,0.0179026979611239,0.8613971349853776,-0.2289206234361407
2017-03-16,EFX,135.25,136.1,134.79,135.04,871649,-0.1020744188545506,-0.0935169574689216,0.524694025187341,1.5517888610720858,1.0868993432993013,-0.0929499520211228,-0.6068894604142393,-1.1031774561069116,0.3948713249398689,0.2936589884194704,-0.0013359799898825,1.0110610524760906,0.7596095981037188,-0.1436243133958122,-0.7828484424526352
2017-03-17,EFX,134.93,136.17,134.79,136.12,855033,0.4649207260423902,0.4684369776240045,0.6762509457779096,1.5060716315072329,1.1196270166404934,0.0088497583960796,-0.5273555553777832,-1.088540720342212,0.5322055063675367,0.2220055392628966,-0.0011480338053388,1.4226832385996824,-0.1025520032428978,0.640003943779355,-0.7464048144440928
2017-03-20,EFX,136.36,136.36,135.11,135.7,502531,-0.2250940135880183,-0.2161190521338599,0.536205779704938,1.25742757932767,1.114491267450233,-0.0071702710618662,-0.4864526100601863,-1.0723991035364124,0.4599797532375897,-0.705358380497745,-0.0012965168281188,1.182313453533489,0.4645910553761866,-0.391996942508397,-0.823629911463634
2017-03-21,EFX,135.79,135.92,133.94,135.1,1667407,-0.3082710798913987,-0.2991516096655945,0.359325712128554,0.5289154260039302,1.072745686688912,-0.1142193708679675,-0.5084468328871963,-1.0857756595274253,0.4841989488282071,2.2417459386795047,-0.0014247747515633,0.9454359092976844,-0.2256036904666053,-0.4102235525537223,-0.3698960586213711
2017-03-22,EFX,135.55,137.755,135.06,136.98,1180479,0.8333630279869968,0.8308883582037427,0.6505811911678191,1.0746424140488615,1.099282613158882,-0.0241006525565962,-0.498289368820727,-1.0273020065182414,0.7337896873958872,0.979347721766898,-0.0011047613319745,1.1803988039995137,-0.3088024554204673,0.7707255205542594,0.0483579193690317
2017-03-23,EFX,136.98,137.42,135.3,135.64,600105,-0.6420321815251679,-0.6334572359930875,0.3219246288072449,0.5915871641079778,1.0537338461289942,-0.1375530120486542,-0.5606987499646315,-0.9472745189773728,0.5621906552070002,-0.4908838971805707,-0.0013095147598797,0.7265625064780713,0.8331294739679397,-0.7653981110460861,-0.2887389571890558
2017-03-24,EFX,135.73,136.96,135.36,135.93,335040,0.1001124122313213,0.1074578076476746,0.31348229246567,0.9212912896616926,1.0156453854581702,-0.2091121995003747,-0.6367699452679999,-0.9479763785152712,0.5760452279431068,-1.149218809222123,-0.0012044909153008,0.7345738711850036,-0.6426506263127545,0.0850100315670875,-0.6103382829715266
2017-03-27,EFX,134.96,136.2,134.04,135.55,355681,-0.2070419067275611,-0.1981130046359793,0.1918320223755718,1.0475537723464727,0.9577681713761572,-0.3172954600863747,-0.6799620774238606,-0.975623883380917,0.364701360178834,-1.0608616843678342,-0.0012827300805447,0.4516927765254536,0.0996875729273431,0.3039705952974297,-0.2632806981868471
2017-03-28,EFX,135.3,136.89,134.85,136.29,458340,0.3068855338494203,0.3123188777123096,0.2852865792380711,1.09754978821427,0.9286225069013626,-0.329887554468767,-0.7094223981340717,-0.9691818101021292,0.4127711359022849,-0.6995980374408732,-0.001190381736204,0.7324592113681929,-0.2075468742989481,0.5265013893439531,-0.3438710207098175
2017-03-29,EFX,135.76,136.14,134.67,135.68,685973,-0.3116474692321405,-0.3025244858704296,0.1413190131520855,0.7213995865117697,0.8697948301316534,-0.4163622186573691,-0.7048716845474452,-1.060315891180888,0.108212897079823,-0.0011705114543604,-0.0013195746539739,0.4366531226971679,0.3065146360691624,-0.0708373435242821,-0.6883826909663111
2017-03-30,EFX,135.94,136.59,135.24,136.56,1054308,0.3708001907244561,0.3755056141571499,0.2770441138650654,0.7550037659144226,0.8463540450196856,-0.3944567000529494,-0.690686837077871,-1.0501058153368257,0.2358478997487392,1.0237585508525608,-0.0011212043822188,0.8633897752061955,-0.312179725570012,0.3182627252929071,-0.7674357910750935
2017-03-31,EFX,136.22,137.38,135.765,136.74,620729,0.049066396533425,0.0567793266280486,0.2731517770777028,0.7666007567393881,0.8236701707165374,-0.3749840097774404,-0.6839763516947117,-1.0529423588798503,0.2682535103945176,-0.2470092843767815,-0.0011741730364855,0.950676817764864,0.3704459665522228,0.2620913795773891,-0.6070070372588295
2017-04-03,EFX,136.65,136.975,135.05,136.1,725337,-0.3243895197161084,-0.3152549335853197,0.1087780167185926,0.517172805866541,0.7699339740843297,-0.4393340006782503,-0.7269728921947396,-1.059590968215208,0.281816250757335,0.0577229790631229,-0.0013208644673749,0.6403228886673807,0.0486282407023998,-0.3304035017383104,-0.4125498065111884
2017-04-04,EFX,135.99,136.36,135.06,135.81,391781,-0.1656546093602039,-0.1568510594013575,0.008972002203811,0.0037063348511093,0.7060989098517316,-0.5168083047541832,-0.8261520400801211,-1.0782502434544905,0.328894214643005,-0.8949566023270776,-0.0012861468027572,0.4996937645450907,-0.3249251001108643,-0.1263189137407296,-0.7935688215915392
2017-04-05,EFX,136.0,137.94,135.82,136.4,868223,0.2374718320985949,0.243622602275038,0.0786437044824289,0.2149518550079198,0.6693173698393483,-0.5091524423881074,-0.9206757001278674,-1.0757928357086146,0.3439505769481009,0.4746805449248693,-0.0011449155428681,0.6557877977553982,-0.1661487801033319,0.1958945819703176,-0.2959967618394786
2017-04-06,EFX,136.24,136.43,135.07,136.07,307820,-0.1836203273224627,-0.1747589861889586,-0.0195852742453633,-0.2050567659851757,0.6183562111220349,-0.5395258469450566,-1.0048049256631584,-1.0764206059941,0.2225393030563347,-1.1460903457268408,-0.0012762003058688,0.3248536667580882,0.2370828261580006,-0.120589917540454,-0.7583440459238097
2017-04-07,EFX,135.87,136.55,135.26,136.22,409855,0.0356355849690833,0.0434383221728183,-0.0193079503835156,-0.0168415594651501,0.5755418424611738,-0.5428548732291639,-1.0677703058804917,-1.0863222561363484,0.1587438710457049,-0.8337250074954544,-0.0011975709553119,0.3835357020750337,-0.1841191848362602,0.1683042249322877,-0.8020880417628824
2017-04-10,EFX,136.21,136.67,135.37,135.59,496522,-0.3209314682763645,-0.311799772216038,-0.1624916478672358,-0.0273182398572077,0.5092506355798138,-0.6059470716912767,-1.147311566241991,-1.0682167073933264,0.0758674380179166,-0.5727747743073627,-0.0012965162641022,-0.004479484886735,0.0351939254020071,-0.3702127904808493,-0.792274433239847
2017-04-11,EFX,135.37,135.74,134.71,135.74,405226,0.0358785467026053,0.043679684838323,-0.1552155738542478,-0.696428358738681,0.4556689138051532,-0.6237068345852185,-1.252237253057738,-1.0681785771103032,0.0800677084358006,-0.8222953426963007,-0.0011979267387057,-0.1332418043531203,-0.3214661465588811,0.1801853366343164,-0.9589304621987834
2017-04-12,EFX,135.06,135.75,134.78,135.31,389139,-0.2302183513203685,-0.2212312696066366,-0.2393976615866307,-0.3435723531753099,0.3900892464285425,-0.6687971503397739,-1.2559558743930457,-1.1509003214770128,-0.1544405865040462,-0.8509119965190212,-0.0012850301762925,-0.7427706086755499,0.0354369505176845,0.1135320074907122,-0.9938763077958228
2017-04-13,EFX,135.12,136.3,134.75,134.86,327364,-0.2400473834874404,-0.2310382352551401,-0.3245602592959112,-0.6777753831171257,0.3150786831920516,-0.7291443665375068,-1.247991519654757,-1.1446752505405418,-0.1870532153623161,-0.9971101794047482,-0.0012788630774145,-1.116741031637821,-0.2307293650002921,-0.1716944678300379,-0.6334540203795413
2017-04-17,EFX,135.38,137.03,134.76,137.03,380052,0.9687831455284124,0.9635750906028344,0.0856002631286395,0.3402180607414602,0.3354707519189488,-0.5318574071415353,-1.2236442400058911,-1.0320581545048062,-0.069293287784502,-0.7811036908871908,-0.0012001816270883,0.6866274524247216,-0.2405609612964327,0.8945022223377208,-0.2107229329944379
2017-04-18,EFX,136.85,137.82,136.85,137.29,539374,0.0851320292655298,0.0925895842839333,0.1203016702824389,0.1907005687239091,0.3560634596135976,-0.373511398375688,-1.1939521321224154,-1.0379085712626206,0.0046056865005519,-0.2570022689944524,-0.0011832646583908,0.902699252358476,0.9685849189611316,0.2165974825440628,-1.002492712681759
2017-04-19,EFX,137.27,137.76,136.38,136.4,565179,-0.4365917410175708,-0.4274681320291913,-0.0639609398635544,0.074866217442448,0.3318354850512227,-0.3622022559217888,-1.209966351337198,-1.0244096416926236,-0.0261555997954564,0.0145231097393727,-0.0013036907289402,0.1302532220232946,0.0847032819841666,-0.505154265501711,-0.7481392524436465
2017-04-20,EFX,136.56,137.71,136.25,137.31,493795,0.3823618317555262,0.3869286962772067,0.1083005139180715,0.0848385270988896,0.3428005335603841,-0.2625687064068867,-1.1972737769673354,-1.1065855887902063,-0.1320954243730219,-0.1268514341349137,-0.0011882320731301,0.9058955807598724,-0.4371565919419509,0.3886207578035202,-0.7051710003156673
2017-04-21,EFX,137.49,137.96,136.94,137.33,482265,-0.0239277978403337,-0.0157614478617958,0.0957309096180215,0.0307787751307217,0.3465861569363668,-0.2013415834967255,-1.1784301757832416,-1.1711329824924197,0.0155094015551605,-0.1501810181857014,-0.0011905283546376,0.9086352908182056,0.382010623703227,-0.1142377496739657,-0.972320938804447
2017-04-24,EFX,138.15,139.36,137.77,139.24,668884,0.8328952525303653,0.830429531399469,0.4311949828304477,0.8188217453445386,0.4182382155158747,0.0223271507507063,-1.0560083457673668,-1.0693261284470328,0.1901518217555829,0.5002115991357792,-0.0011716720411424,1.3678972137543313,-0.0243849958855328,0.5697851199735793,-0.6396435901641457
2017-04-25,EFX,139.44,139.87,138.94,139.47,575298,0.0698432892139753,0.0774116302898437,0.4369378217906969,0.9934490873545928,0.4768814509638154,0.1677776513498833,-0.9661537705680436,-1.0790607809448034,0.2572465774866445,0.0998946736992285,-0.0011831358939684,1.1871724800819223,0.8326615764813234,-0.0100618638579379,-1.0355986590871014
2017-04-26,EFX,139.34,139.89,138.46,138.74,625122,-0.358860869709489,-0.3497080189546726,0.2727589330216216,0.5555655807206641,0.4873134415667571,0.1600431375362281,-0.9244056632726634,-1.066012776614572,0.0965339558556546,0.2503022037977651,-0.0013060807492231,0.7105399077371788,0.0694105535131904,-0.3516436004906071,-0.7323255657960539
2017-04-27,EFX,133.0,137.2,131.62,136.19,1593899,-1.1772802842321477,-1.173375774386088,-0.2217174981366632,-0.1581925889563309,0.3890432236480239,-0.1259420869827903,-0.9319675695472328,-0.894411583083859,-0.1122724961872702,3.3606159141630414,-0.0014080666760044,-0.0443608715721943,-0.3594054427485925,1.7857901759266002,1.823332051667352
2017-04-28,EFX,135.37,136.54,134.18,135.31,1177889,-0.4352801534764623,-0.42615524074179,-0.3787663388902867,-0.4085844084548132,0.2717022588807443,-0.403818040690594,-0.9140277075209818,-0.8958971632803834,-0.3019100699378686,1.9089594826845695,-0.0013726502348817,-0.39808272803524,-1.1780383607958689,-0.059803343420368,-0.1377400715996014
2017-05-01,EFX,135.99,136.16,134.44,135.0,946358,-0.1756314109074341,-0.1667951285877373,-0.4217860206229549,-0.3351966020683764,0.1629341107389613,-0.6040525212405484,-0.890199332768751,-0.8960238581874436,-0.3543615201524835,1.0482907897484086,-0.0013522365717292,-0.5226892911074508,-0.4358446622430711,-0.5763295467283089,-0.5294996184485905
2017-05-02,EFX,135.09,136.48,134.75,136.48,656953,0.6495365161919662,0.6503161052281994,-0.1410167355475755,-0.0240637143426207,0.1317658484867168,-0.5644993352530192,-0.8922436340126713,-0.8476675001345141,-0.1264711538497601,0.1145046215170718,-0.001163551670061,0.0722065583985792,-0.1761281843286719,0.7510687579991472,-0.5349076734133593
2017-05-03,EFX,136.2,136.73,135.88,136.08,589189,-0.2154639137978151,-0.2065128716197868,-0.220459740226259,-0.016987134262648,0.0886050008924793,-0.563725494685543,-0.8954447650496039,-0.8457459938341868,-0.1382790381455919,-0.1387457450342462,-0.0013117322672893,-0.0885761036300696,0.6492550068000403,-0.0928820003351745,-1.070749747928272
2017-05-04,EFX,136.05,137.05,136.0,136.86,507958,0.3238621965785946,0.3291084843211216,-0.0750261269920129,0.246868003037778,0.0824505319095453,-0.4678526407366366,-0.8954169412589998,-0.8397043849794121,-0.1179475305161212,-0.3526947518825286,-0.0011816838117683,0.2249500873258137,-0.2159710784434185,0.4234956209938473,-0.9519266880170782
2017-05-05,EFX,137.13,138.94,136.79,138.81,514106,0.8540649910139652,0.8511908836909328,0.2728500803724645,0.2053401163733232,0.1508811467653186,-0.1991736357302008,-0.8605254935869209,-0.7638060117841452,0.1282616089720176,-0.3608306122502492,-0.0011822740865989,1.0087655647155165,0.3234957275512043,0.8992795919995572,-0.3004741959117423
2017-05-08,EFX,139.18,139.5,137.04,137.23,416243,-0.7416459908058575,-0.7335843249625069,-0.0400782500791148,-0.2010832522265956,0.1396253519925863,-0.1893418783379432,-0.8618363795440986,-0.7046621365734641,-0.0585838722387572,-0.6819797784310604,-0.0012905966237151,0.3736740497023126,0.8538368375780252,-1.0848449390060406,-0.0973465354707291
2017-05-09,EFX,136.99,137.67,135.51,135.87,451399,-0.6499961960653701,-0.6414563342543756,-0.3036376826126545,-0.2924768183974987,0.0746250254958712,-0.3198139718902331,-0.8670830487561297,-0.6736488552730516,-0.1371485046569286,-0.5615068918638245,-0.0012955530752646,-0.1729870011951182,-0.7422904221463101,-0.6440112685692246,-0.2664084955199378
2017-05-10,EFX,135.93,136.82,135.37,135.91,366648,-0.0146673354639875,-0.0065538004688255,-0.297584535269044,-0.4790737290921406,0.0227278909841871,-0.3904642561290039,-0.8700453463500806,-0.674009429667722,-0.149083599056339,-0.8361030607119594,-0.0011989529885669,-0.1569087349922554,-0.6506167184492896,-0.0374328291096564,-0.7021748597470223
2017-05-11,EFX,135.8,135.87,134.74,135.65,300556,-0.1520975789918794,-0.1433410666312141,-0.3506848128565797,-0.5313126418576074,-0.0299839295754328,-0.4490814713829004,-0.878116817699446,-0.6765894018027919,-0.1305733443900132,-1.0466762373687382,-0.0012780204616017,-0.2614174653108795,-0.0151221177046226,-0.1097684490436322,-0.8970727304108578
2017-05-12,EFX,135.57,135.57,134.56,135.05,297377,-0.3083725450726848,-0.2992529665945277,-0.4675490114147745,-1.1278089968562572,-0.0959617577398158,-0.530121718791461,-0.8844619609943198,-0.6732048845758817,-0.1467855333664024,-1.0547911301830255,-0.0012780972366415,-0.5025914583538639,-0.152588213071879,-0.3161072736062612,-0.9680416485113252
2017-05-15,EFX,135.12,136.74,134.63,136.63,464467,0.6953838106895249,0.6954010865172624,-0.160732423697477,-0.7660810112672881,-0.0867637469247753,-0.4014526013084175,-0.8842159067416111,-0.7209947460862989,-0.2103479984418814,-0.5095111557059404,-0.0011867224455381,0.132500056659328,-0.3089039470712794,0.817993659272024,-0.3042770358048942
2017-05-16,EFX,137.0,137.5323,135.15,135.68,303190,-0.4658814680948754,-0.4567942284624066,-0.3276178176991265,-0.8014920300995845,-0.1172071546583377,-0.4005536362543181,-0.87496991381122,-0.7055569573486364,-0.3397061341001381,-1.0226881769713858,-0.0012785323307,-0.2493587656587295,0.6951142616186714,-0.7542607582401444,-0.1280063220268489
2017-05-17,EFX,134.68,135.13,134.21,134.23,526847,-0.6983421100692376,-0.6900374163203695,-0.5854276512337108,-0.6129972529085825,-0.1978152870771553,-0.5289576019844511,-0.8242707046083102,-0.6795540990216381,-0.4011266011410161,-0.2634294911388484,-0.0013057726369717,-0.8321959155126213,-0.4664539599181091,-0.2787542054596821,-1.0201133602991108
2017-05-18,EFX,134.36,136.25,133.49,135.27,568292,0.4493727195090027,0.4530950276868347,-0.3662819727198576,-0.19754399783946,-0.2199288933526624,-0.4811168712364378,-0.8136524576769976,-0.6729720834527919,-0.3856734468173391,-0.1352334082689487,-0.0011731022921746,-0.4141609942381026,-0.6989752445965858,0.485384286418605,0.1091327530074184
2017-05-19,EFX,135.52,137.44,135.385,136.37,717165,0.4732791195744278,0.4766830271170918,-0.1456444334237846,0.0880560744025598,-0.193627020021711,-0.3182236755848569,-0.8183133217597908,-0.6448095300057228,-0.2701427003690057,0.3187293459030653,-0.0011570169979523,0.0279913263407043,0.4490389927877536,0.4475545927876628,-0.3354357588774846
2017-05-22,EFX,137.19,137.76,136.29,137.3,515555,0.391583958955181,0.3960387914556157,0.0519374001699621,-0.0166620990883408,-0.1363067399833806,-0.1080682741687358,-0.8763385543004393,-0.7039124809138857,-0.3721013828181612,-0.3240474778305647,-0.0011829518482129,0.4018110155573365,0.4729516293873865,0.0342614531373315,-0.6990364765009827
2017-05-23,EFX,136.93,137.165,136.22,136.76,396157,-0.2778564964328632,-0.268776951864529,-0.0257969281068311,-0.0474970792195487,-0.1125309979670751,-0.0262870164482153,-0.9662994730434914,-0.7024305946735176,-0.4528469159758873,-0.702586846203279,-0.0012876587223698,0.1847544218186403,0.3912351567068335,-0.1201148673468278,-1.0154456298303451
2017-05-24,EFX,136.75,137.32,135.76,136.39,558099,-0.2014332606187862,-0.1925197348176966,-0.0743882265356656,-0.2897048972060979,-0.1086933251244422,-0.0121822570986423,-1.0355459134983709,-0.7085935775590169,-0.4162400415976953,-0.1434739880506302,-0.0013070759796365,0.130923856070271,-0.2783799376184241,-0.2252097329955133,-0.6380887613471271
2017-05-25,EFX,137.11,137.82,136.79,137.13,604437,0.3047922680337788,0.3102483610659476,0.0591344775797493,-0.5837254808424505,-0.0773334628463015,0.0699431922041111,-1.0251103282240337,-0.8329634666364285,-0.0661085926584613,0.2015744752827646,-0.0011713421271397,0.132011823118221,-0.2019367650458595,-0.0152959418311269,-0.9653406341122248
2017-05-26,EFX,137.1,137.9,136.06,136.43,324937,-0.3508012370209545,-0.3416509393130449,-0.0865575564667286,-0.3911462650946377,-0.080794280940723,0.046015719791954,-1.03465164344572,-0.8404220052821216,-0.0459121321787525,-0.7342038739530516,-0.0012801127027907,-0.2551640631063568,0.3044208241769962,-0.3955338816898562,-0.4673249180819301
2017-05-30,EFX,136.3,136.88,135.34,136.71,622356,0.0947782771095735,0.1021640190263933,-0.0491380085942684,0.0449390902575402,-0.0733678287123017,0.0548973882530564,-1.0531648013879156,-0.8430157793380023,0.0185526775194436,0.548670970402824,-0.0011700899186419,-0.1002937086165224,-0.3513437075195323,0.2009485402370567,-0.6525123764814641
2017-05-31,EFX,137.06,137.29,136.23,136.8,721537,0.007990156749872,0.015968697937034,-0.0349032755835226,0.0576976905621891,-0.0648884510994676,0.064712934835711,-1.0509487491882077,-0.8940698783521234,-0.1330418980872158,0.9420062831180098,-0.0011606639083919,-0.0505139518162171,0.0943520462737852,-0.169636732831261,-0.9455540825833608
2017-06-01,EFX,137.0,138.0,136.0701,137.89,577591,0.4630658054384181,0.4666068398456243,0.1572900495792602,0.38692107899858,-0.0167736297275246,0.1745863220288664,-1.02630824918613,-0.8727685433948302,0.0278688367965036,0.3490973311874488,-0.001178917631862,0.5523742138763357,0.0075412852371117,0.4644943162462589,-0.4248903345598981
2017-06-02,EFX,138.0,138.84,137.33,137.61,422096,-0.1594174695481877,-0.15063519389625,0.0961608180968546,0.4881008612176021,0.0085435123198513,0.2038041976552335,-1.0133579419002774,-0.8824994346485703,-0.0869938857149511,-0.2796855282694398,-0.0012882791113779,0.3975038593865172,0.4627356508735193,-0.239832465438527,-0.6768213376100893
2017-06-05,EFX,137.38,138.65,137.05,138.16,458894,0.2158370404757849,0.2221958281000254,0.208249691784962,0.2569044068732025,0.0480036308988064,0.2635822762827124,-1.0435583390974732,-0.9730328943198536,-0.2362490640196313,-0.1148369474506492,-0.0011923386338634,0.7017134842772521,-0.1599100131899668,0.4026424855784112,-0.626172083778348
2017-06-06,EFX,137.84,138.8299,137.12,137.13,563814,-0.497137463314699,-0.4881043621204831,0.0111071478423129,0.2302719868820378,0.0366214705175157,0.1805375883712937,-1.0452899775390092,-1.0111530645316116,-0.1781790917505743,0.2904555457416236,-0.0013034922521335,0.3803833448981763,0.2154423906022831,-0.415476210343384,-0.5521309054768834
2017-06-07,EFX,137.51,138.15,136.89,137.38,350588,0.0805058119373199,0.0879972822614446,0.0445804583728062,0.8433988937553563,0.0353364576507972,0.1400917219261577,-1.0405327950376575,-1.066993907852617,-0.0042570352895682,-0.5773373826214926,-0.0012040664118095,0.5357189307599751,-0.4977181089830473,-0.0977421349638313,-0.8269514815979405
2017-06-08,EFX,137.38,137.41,134.51,135.45,635716,-0.9076358186540898,-0.9007899919993232,-0.3220544127699711,-0.1353117746459964,-0.0428405912343061,-0.0901837482744573,-1.0314535811522194,-0.958405121286181,-0.2171849386646535,0.5435867202956077,-0.0013118162453012,-0.6634717920931169,0.0800758578007823,-1.0877151922849928,0.1930134327714271
2017-06-09,EFX,135.48,136.4,134.67,135.52,384515,-0.0008213466700024,0.0072106671344048,-0.3073545316953755,-0.4719797032743919,-0.1025555151369012,-0.2268829325483517,-1.0286776214919773,-0.9599017360722468,-0.1815517852262078,-0.492103114069142,-0.001199841492738,-0.6199778280517998,-0.908323552258232,-0.0040101483861861,-0.5274242054770694
2017-06-12,EFX,135.36,137.39,134.99,136.83,560006,0.5688194020718014,0.5708612281480602,-0.0726101923874423,-0.3390251049045276,-0.0988804539557585,-0.1730775495961299,-1.054334673181179,-0.9279120981851672,0.0260962316469667,0.1585084577556816,-0.0011812266933394,0.1939806418640281,-0.0012725168660587,0.7941704777054711,-0.1295241324896074
2017-06-13,EFX,137.55,140.86,137.37,140.34,706649,1.564063897166156,1.5434916125587477,0.5652811109869522,0.6756106399836378,0.0400129376798308,0.2180164116238593,-0.913837376614265,-0.7126599789568039,0.2313161316970904,0.6713186516117632,-0.0011668084599227,1.2083367712607112,0.5685168357644899,1.506140596347953,0.4812113614701327
2017-06-14,EFX,140.9,142.04,140.32,141.01,726918,0.264231298576107,0.2701145243966684,0.6412275810846446,0.900001406078611,0.1727675274554047,0.5150904102892827,-0.7875354648111902,-0.7386337879660565,0.4094637116429247,0.6410354460167649,-0.0011667098597212,1.0424217950506898,1.564020963271992,0.032666390008785,-0.5747557273387248
2017-06-15,EFX,139.98,141.75,139.45,141.62,482098,0.2363281387377698,0.2424900910790521,0.6851177798750386,0.8804812691212096,0.2968652138180407,0.7304668888619811,-0.7151212127531376,-0.8079952569430064,0.6410874616745689,-0.2560261086754932,-0.0011936491381492,1.279585624037821,0.263849273457703,0.8588450984036683,-0.2378146760589936
2017-06-16,EFX,141.75,143.09,141.25,142.58,939304,0.3890327381842472,0.3935186974755056,0.7962342846198776,1.2457208373795894,0.4263837040045897,0.9167211274458396,-0.5945143161069074,-0.8118325476245751,0.6261851851216749,1.3251332170135757,-0.0011487829124388,1.2452875419253293,0.2359388344384621,0.4160677996441052,-0.515807129618343
2017-06-19,EFX,143.31,144.01,141.46,141.8,785371,-0.3735856716734643,-0.3644308646394115,0.5945152601158371,0.95321897959531,0.4909748565776065,0.898602668994831,-0.524499731720065,-0.8001592737103586,0.4173141618555744,0.7560134223884021,-0.0013186712853078,0.6695691524299551,0.3886832703912938,-0.8223754134064716,-0.0925989982737643
2017-06-20,EFX,141.33,141.676,139.11,139.56,697056,-1.016479851209782,-1.0106769133992963,0.1469313260444373,0.3432134440609993,0.4471565163123637,0.6050637338960527,-0.517240270587558,-0.6910263466785939,0.0742681479670218,0.401962371310097,-0.0013120266023202,-0.1142378627143833,-0.3741340860157711,-0.9725180631593646,-0.0589890991723261
2017-06-21,EFX,139.99,139.99,137.79,139.03,471694,-0.269430263990699,-0.260364415978668,0.0245668483420991,0.0391952640243976,0.38543251596181,0.3241437249964889,-0.5257542873763106,-0.6915245751788026,0.0762965762203909,-0.3996892692518958,-0.0012908173800103,-0.2996922011190703,-1.0171959792827892,-0.5444229424115075,-0.2725445690708478
2017-06-22,EFX,139.06,139.15,137.53,138.93,422930,-0.0777763332758046,-0.0693300178247702,-0.0186140571452693,0.0784956191574431,0.3271133392787165,0.1081716753841509,-0.5451915190662083,-0.6955934106922803,0.1060316343225045,-0.5523085488769065,-0.0012866048089537,-0.3346835857237261,-0.2699515069997582,-0.096946006275716,-0.6195237696249312
2017-06-23,EFX,138.82,139.615,138.11,139.39,588824,0.1731415604129533,0.1798890950670957,0.0470546169565152,0.0618102924703768,0.2939143601376167,5.299173283673899e-05,-0.5507325451361157,-0.7013310009156943,0.0745678392570793,0.0357298383202116,-0.0011806124606091,-0.1737232165423073,-0.0782475789497708,0.2839018437677007,-0.6914889525843164
2017-06-26,EFX,139.71,140.36,138.86,139.43,252067,-0.015130188256205,-0.0070139809758189,0.0260530982494382,0.3144812421236204,0.2644337874043479,-0.0768708411053932,-0.5735901307389231,-0.7158229266347498,0.1554699721886271,-1.1481216308366655,-0.0012167080231413,-0.1597266627004369,0.1727357724416535,-0.1777337711318266,-0.694735726543825
2017-06-27,EFX,139.0,139.56,137.89,138.35,291312,-0.5152357367938318,-0.5062412243701596,-0.193846843126731,0.0110098700886364,0.1946264676887628,-0.2422102598990257,-0.5960038339319825,-0.6871211055962279,0.0087057816899398,-0.9775474716303678,-0.0012724788130786,-0.5376336164307459,-0.0155850912426346,-0.379616265633777,-0.5853301517870303
2017-06-28,EFX,139.12,139.97,138.16,139.51,504746,0.4890084636223198,0.492197977865316,-0.0001608765065675,0.695803072021644,0.1811716218948207,-0.2294314971457798,-0.6175301737023347,-0.6651596114203144,0.1234627373829076,-0.1590052194883023,-0.0011905680592236,-0.1317335550167164,-0.5158211038130044,0.1854804316970292,-0.5100612282223776
2017-06-29,EFX,139.25,139.42,135.92,137.15,399018,-1.0861748008227885,-1.0811422022999182,-0.439255282748446,0.1147814102756952,0.0750677971085408,-0.4576853639529337,-0.605687321820294,-0.5759545618526541,-0.246293735872648,-0.5288945602555961,-0.001283167625351,-0.957530231686636,0.4886850767963847,-1.165697152915543,0.5354935055866161
2017-06-30,EFX,138.16,138.35,137.23,137.42,625878,0.0895680847252962,0.0969927986646393,-0.3864384696222006,-0.0712945239788465,-8.933809993131438e-05,-0.5606322111607339,-0.6027103968285379,-0.5756924618865197,-0.1877548685304357,0.2879892885294432,-0.0011783084474422,-0.8630534932540661,-1.0869091104261044,-0.4309801366880407,-0.9120795209493506
2017-07-03,EFX,137.9,138.89,137.17,138.01,261422,0.2343030555086426,0.2404847567622597,-0.2734911277993935,-0.7683273639697261,-0.0376937172192885,-0.5463295412098399,-0.601372685429718,-0.5748160929958958,-0.1834221033590141,-1.052025110979079,-0.0012164195610435,-0.6566043240865839,0.0891404946910111,0.0339495576852908,-0.5526580205838858
2017-07-05,EFX,137.68,139.75,137.45,139.55,559233,0.6617172222755328,0.6622974827205802,-0.0053187548945188,-0.5271797189441181,-0.0084861047696994,-0.3629144890933862,-0.617494123783225,-0.55651440290297,0.0917037535204399,0.0792020193392305,-0.0011869986707509,-0.117737001174846,0.2339132229198058,0.999844389369686,-0.2177375417879694
2017-07-06,EFX,138.56,138.56,136.66,137.22,784131,-1.0724888941565995,-1.067298695999081,-0.4439461624913993,-1.0867889832182651,-0.0778363710451258,-0.4698687306024506,-0.6143563795635569,-0.4578234218544644,-0.1845816805538554,0.8166368705958538,-0.0013192858318681,-0.933036262463378,0.6614388905008959,-0.7569703623083368,-0.4373548528485498
2017-07-07,EFX,137.89,139.45,137.88,138.37,519105,0.488770048796175,0.4919628416834291,-0.254146020647713,-1.0368642235008176,-0.0882172082547651,-0.4036458285303991,-0.6904331763153271,-0.5082685516603063,0.1491323126980145,-0.1301512549630162,-0.001190575316412,-0.5644428614233468,-1.073219633476441,0.2366819035440319,-0.64570599758309
2017-07-10,EFX,138.38,139.25,137.55,139.0,341151,0.2504654270943099,0.2564877014448915,-0.1680363076753006,-0.7587388456864896,-0.0725103350041639,-0.2835181892379974,-0.7817326604926828,-0.5046848583280793,0.2096569960060248,-0.781318672943021,-0.0012090788937082,-0.4034792857879229,0.4884465997742498,0.3121868947263519,-0.5720472033127664
2017-07-11,EFX,138.99,139.45,138.24,138.93,387854,-0.0643490115761594,-0.0559681684273121,-0.2009574002175255,-0.3397823144860585,-0.0637783613799585,-0.2053693493722053,-0.8270231359670496,-0.5289897989743744,0.0579250380713498,-0.5854285075620841,-0.0012804848377426,-0.6444935852864475,0.2500798108317705,-0.0589311785949267,-0.8654731845991134
2017-07-12,EFX,139.91,140.56,139.57,139.8,480276,0.3568729026314686,0.3617424367694348,-0.0320106393730736,-0.0096446644913769,-0.0240378570717475,-0.0630348532988666,-0.8329542218266899,-0.7558863751875555,-0.2239878285777971,-0.1989405166955517,-0.0011952855892974,-0.287010527489787,-0.0648167544244861,-0.0857168536753435,-1.0011418478124443
2017-07-13,EFX,139.98,140.32,138.96,139.13,416434,-0.331371473123581,-0.3222316395164752,-0.1405221291630478,-0.1444162675364223,-0.0203727884173192,-0.042024806788287,-0.8559090876030221,-0.7589527041832288,-0.3632837229522168,-0.3955743244301294,-0.0012831373295096,-0.5623135719998641,0.3565150452058651,-0.4850893568725937,-0.7766644537765521
2017-07-14,EFX,139.36,140.115,139.36,139.77,277200,0.2533918244038565,0.2593847903474196,-0.0023742698472309,-0.1054364107557355,0.0059546274861724,0.0331157221156767,-0.9021718758994632,-0.7577997842934432,-0.3593292065193243,-0.9243239684679948,-0.0012153996669575,-0.2993375294827757,-0.33190887492144,0.195958362433236,-1.141138960369298
2017-07-17,EFX,139.67,140.68,139.38,140.06,363691,0.0961792511787248,0.1035544401908513,0.0762678583657296,-0.0530031886718406,0.0361199194684769,0.1031067721981519,-1.010203985935023,-0.778048494825022,-0.42705125737326,-0.4852006530004922,-0.0012072278991107,-0.1801765102172262,0.2530069715593506,0.1846464062055045,-0.817776011873149
2017-07-18,EFX,139.4,141.52,139.07,141.52,427929,0.6159882118956476,0.6173048034912757,0.3545882129718954,0.4767332960247508,0.1144696763712721,0.2831255954924504,-1.0263233117200474,-0.7394689769027033,-0.1964771885361108,-0.1375562590177104,-0.0012014879708117,1.3527862713310108,0.0957533858192391,1.1226775993620228,-0.1485235526563483
2017-07-19,EFX,141.72,142.88,141.1701,142.72,477702,0.4949126977502607,0.4980207330107192,0.5505622912359848,0.4832171175428748,0.2195620652978356,0.4959757285929476,-0.9002390156141826,-0.8255791408339677,0.1650645842363672,0.1369507961056799,-0.0011973669742817,1.3664607858148994,0.6156979506570707,0.5067894691882339,-0.5928336018269595
2017-07-20,EFX,143.03,143.47,142.135,142.99,466649,0.084784717350599,0.0922448303760549,0.5631689523939982,1.2473215178720476,0.3082253907682074,0.6239677085571145,-0.791155141148589,-0.8368633577099623,0.2508409391789377,0.0876979613752641,-0.0011991280963154,1.2315400584217124,0.4945908511795713,-0.0474454846895844,-0.8132271989205306
2017-07-21,EFX,142.62,144.37,142.62,143.89,268700,0.358865162268386,0.3637114083538509,0.6845246082873893,1.322766440806742,0.4075180285886062,0.7537209595378948,-0.6646694711461231,-0.8295560271682136,0.356853904753179,-0.7948702113089198,-0.0012180026694039,1.2540495050955542,0.084355879464936,0.6464556210272957,-0.5777266812375221
2017-07-24,EFX,143.64,144.765,143.3437,144.52,548668,0.2395910972923519,0.2457210921500274,0.7531345716203839,1.3273028868912295,0.5035020092064144,0.8490071336403117,-0.5362807534477749,-0.8276445907670308,0.3730352751891069,0.5187182173751496,-0.0011927056145037,1.350801366475155,0.3585078245695225,0.4365459591789271,-0.7716978037481053
2017-07-25,EFX,145.35,145.35,144.16,144.8,483846,0.0876256736629517,0.0950648062294233,0.7536154686593143,1.1690988103812312,0.5821824058373423,0.8806969456145559,-0.424303158692269,-0.828760779357093,0.398160079000377,0.1569608926399661,-0.0011993936298022,1.248997538450223,0.239202644210818,-0.3122022188164635,-0.906409378410318
2017-07-26,EFX,145.21,147.02,144.7597,146.21,692244,0.5732458966789328,0.5752211456147672,0.9411088337367964,2.340924198181943,0.6903742813824225,0.9820108338902248,-0.2911153438145728,-0.8499664788438954,0.6669016495943663,0.9690636303549256,-0.0011816896436106,1.2003033427038392,0.0871975769060734,0.49397671517715,-0.3029349785686605
2017-07-27,EFX,142.57,142.94,139.12,142.68,1210522,-1.5361139718526142,-1.5379948262877046,0.2518197166826657,0.7992594472177246,0.6282534916301309,0.62468007590233,-0.2795932144032393,-0.593403774402355,0.1662364899913753,2.8528861296475863,-0.0013471169802664,0.1431537186342908,0.572944485124531,0.0319754907225418,0.6399774884047351
2017-07-28,EFX,142.92,145.6,142.545,145.09,703954,1.0186010299197996,1.0123159723411606,0.6252441402124017,1.0375042428908197,0.6645131540430985,0.5920450598037591,-0.2677028349581347,-0.6437341700390699,0.682768789810447,0.7192486379093144,-0.0011796189064574,0.8236055507195242,-1.536965658435476,1.1208103299054168,0.1634925925855381
2017-07-31,EFX,145.75,146.42,145.26,145.44,729663,0.1171887603427524,0.1244019499894178,0.6136715744623962,1.0974688940319617,0.697289608165657,0.5569713287474796,-0.2617030396350145,-0.6439602971298558,0.6896481204158624,0.7915893874102184,-0.001178768352535,0.9359089810385256,1.0184157994932723,-0.1870098846435914,-0.9266140749471647
2017-08-01,EFX,145.27,145.56,144.57,145.43,404308,-0.0372767111965394,-0.0290366386438949,0.5412625990304821,0.9916693217828904,0.7129569641102718,0.4848738197189715,-0.2619573491784682,-0.6418033766425834,0.6221339293979663,-0.4941900383519331,-0.0012773404738546,0.9327003116008428,0.116768375796866,0.0568959887315177,-1.0239894372877794
2017-08-02,EFX,146.0,146.25,144.79,145.49,651753,-0.0073102681090079,0.0007603315804327,0.4961244228641678,1.2052914495473803,0.7177647099196387,0.3992433629520473,-0.2402075554907769,-0.6693735663780257,0.4576617399248374,0.4327297050210428,-0.0011861763802444,0.9519523282269584,-0.0377373916127586,-0.2902303209356867,-0.7549938795208612
2017-08-03,EFX,145.46,145.46,143.95,144.94,594068,-0.2683518793581065,-0.2592878667200211,0.3221129053083787,0.9520524212041253,0.6902760737294878,0.2476086662415398,-0.322743451102909,-0.8020476134272186,0.6587886258707798,0.2545805495533911,-0.0012932090016306,0.712752289903506,-0.0077631310894406,-0.2964040545218956,-0.7230701561621813
2017-08-04,EFX,145.27,145.56,144.57,145.43,404308,0.1774802807671424,0.1841896306735699,0.346183883723768,0.97869987646348,0.6782606837947349,0.1661287783685466,-0.3747539460304674,-0.8160332441741033,0.5818692929660599,-0.4623308212935167,-0.0012077026324264,0.8847532353466795,-0.2688728410457358,0.0568959887315177,-1.0239894372877794
2017-08-07,EFX,145.36,145.63,144.61,145.47,588741,-0.01587219308991,-0.0077517089736216,0.2931774069637621,0.7704740688165106,0.660996925127342,0.0874356573009853,-0.4243639350983905,-0.8160293001421164,0.5161343839825449,0.2053687756554719,-0.0011923688474585,0.8560357700703458,0.17707562465082,0.0308566492530703,-1.0069582116469342
2017-08-08,EFX,144.97,145.32,142.2,142.37,623544,-1.3597295018101545,-1.3584982327532038,-0.3062174197177879,-0.2624940014781738,0.5176495360757475,-0.3000559336808119,-0.511924140661996,-0.6066394653671695,0.1961718687071335,0.2864249383977846,-0.0012950747246664,-0.4749182886393238,-0.0163272896453636,-1.3813185610444418,0.2350684631483739
2017-08-09,EFX,142.37,143.33,141.9,142.94,394583,0.2162635016149336,0.2226182604846783,-0.2305018474564233,-0.199271848306438,0.419941443624898,-0.4925744426788634,-0.5802469578613348,-0.6130999633189032,0.1623926174372638,-0.5575942095000698,-0.0012089339993101,-0.2398334900857011,-1.3605351744478758,0.2761665392730096,-0.7575654775870594
2017-08-10,EFX,142.14,142.88,141.42,142.06,452675,-0.4162832474643821,-0.4071425724015293,-0.4178804693518788,-0.5657857042987207,0.3026887740820073,-0.6968966548598438,-0.68035004343472,-0.6065388552439445,0.1418135705828055,-0.3444681971274179,-0.0012809901859006,-0.6310760183372724,0.2158689629936267,-0.068839013305958,-0.7348009190799136
2017-08-11,EFX,141.93,142.83,141.28,141.35,351561,-0.3441547550324901,-0.3350073514570821,-0.5617492690373931,-0.8380611901686129,0.178073827108964,-0.8793047999710674,-0.7426661688567553,-0.5992579245977143,-0.0014559993016407,-0.7331998015405521,-0.0012728551032166,-0.9279526084736488,-0.4168428004512057,-0.3350605471420178,-0.677434038064797
2017-08-14,EFX,142.16,143.2,141.64,142.81,387359,0.6100653983909938,0.6114749672045916,-0.3201345525345587,-0.5655714745534053,0.1335393066804834,-0.8191056766880739,-0.8338137536658524,-0.5674756405727824,0.1208852605929721,-0.6028506046301146,-0.0012091280656271,-0.3174739865030757,-0.3446954916433988,0.3191298500620174,-0.6809412896814854
2017-08-15,EFX,142.87,143.25,141.86,142.88,467956,-0.0024795342294884,0.0055624037807972,-0.319675437155298,-0.8784882170717057,0.0981724617918997,-0.7473489390399922,-0.8697132338501047,-0.6007567762235053,-0.0263399560374698,-0.30933886937683,-0.0012026259884502,-0.2991606864162234,0.6097735920503135,-0.0210284018267817,-0.7805470625393904
2017-08-16,EFX,143.18,143.41,142.5,143.0,485766,0.0192923423054453,0.0272004829208114,-0.3003351454526441,-0.1018516553779235,0.0723366663120747,-0.6654107918167302,-0.874650853079271,-0.6249302144246233,-0.1386636518910158,-0.2446415199744209,-0.0012016928551984,-0.248666789644943,-0.0029311370019012,-0.1212971440162479,-1.0609729756724715
2017-08-17,EFX,142.94,143.15,140.58,140.63,381584,-1.064825056140032,-1.0595479569872943,-0.7112971953045987,-1.4080064317733867,-0.0426161196684406,-0.8292458734721936,-0.8005241420842851,-0.5326337370921126,-0.4098733191322976,-0.61949016642447,-0.0012744588492938,-1.2459212508776925,0.0188464192276918,-1.247280757659453,-0.06827754969816
2017-08-18,EFX,140.9,141.002,139.73,139.89,530586,-0.3606000233471487,-0.3514467592200095,-0.8107653082455757,-1.652963431603098,-0.1626612790603435,-0.9734216202942269,-0.7015855828371426,-0.5453076693959896,-0.5757485326815414,-0.1099465943572633,-0.0012873676057549,-1.557300280967246,-1.0655537961714894,-0.5678871896911922,-0.8335172436532869
2017-08-21,EFX,140.07,140.33,139.14,139.84,391294,-0.0552485405492218,-0.0469137109377874,-0.7782250521576948,-1.6582531252976471,-0.2584822317172628,-1.0264095266264042,-0.62521369397938,-0.556827574490326,-0.6430723811122174,-0.5972050125866954,-0.0012761822022792,-1.578339404621938,-0.3611450500844721,-0.1503753113808152,-0.8821160716838946
2017-08-22,EFX,139.81,142.36,139.46,142.22,609388,1.0266015631168992,1.02013996915968,-0.3193229244715651,-0.901094523261499,-0.2396877944298376,-0.7737818110352437,-0.6283954637526298,-0.4482941969637205,-0.4291571828435249,0.1837268528897146,-0.0011899420380762,-0.5768771186582529,-0.0557139093304071,1.2760209231224613,0.1080748606780495
2017-08-23,EFX,141.37,142.41,140.76,140.98,281627,-0.5758167890665896,-0.5669901308248463,-0.4992160194769632,-1.0095101941971665,-0.2721529788840112,-0.703621022510524,-0.6517266027195004,-0.4701236888804704,-0.6928216866044721,-0.9748684049729656,-0.0012666398191352,-1.0343195442026212,1.0264184198134363,-0.234742639929963,-0.6159201697449678
2017-08-24,EFX,141.23,141.23,140.15,140.38,221816,-0.2979614459396728,-0.2888538397991551,-0.5885773185762136,-1.227327955167247,-0.3195082967172465,-0.6858193386805358,-0.6130066148372939,-0.6506823265538206,-0.4042239632549468,-1.1157394652005563,-0.0012617213738732,-1.3150960398610472,-0.5764179600463669,-0.4810288455965015,-0.9501490302563528
2017-08-25,EFX,141.12,141.18,140.39,140.7,304007,0.1089228342780151,0.1162005980821712,-0.4900821737585197,-1.150960485512633,-0.342195449085679,-0.6080825583631206,-0.6152133547254313,-0.7750351234544128,-0.6118490800148547,-0.7167185508245055,-0.0012164716359614,-1.1689781700833584,-0.2984901319636452,-0.2511730543083858,-1.1233830394267246
2017-08-28,EFX,141.0,141.28,140.09,140.62,476730,-0.0683950693479702,-0.059994193888298,-0.4610497012676778,-0.6338761365873001,-0.3608600014637559,-0.5355390309815239,-0.6376414480354972,-0.7812966024928842,-0.6542011567975866,0.0959928347705927,-0.0012834674173114,-1.1893493850506005,0.1085002933752318,-0.2299312910033794,-0.8860499509600597
2017-08-29,EFX,140.07,141.11,139.75,140.8,321917,0.046697078479688,0.0544260601806942,-0.3856771776362824,-0.7519658262416615,-0.3660443880524914,-0.4428064943903498,-0.6776938659409766,-0.7787714284249796,-0.6350470815282897,-0.5856740807963307,-0.0012147758877057,-1.1051928904318,-0.0688638677035097,0.3674351673373389,-0.7863269627987169
2017-08-30,EFX,140.57,141.71,140.56,141.42,221695,0.2411515652516843,0.2472662172588697,-0.2338926366370264,-0.3613588954140992,-0.3434891712063028,-0.2972192034025159,-0.7442319420048802,-0.7657822739025198,-0.5783248192547374,-0.9888901557793818,-0.001223663891121,-0.713485542511722,0.0462583045575637,0.4305306952604991,-0.913612201844344
2017-08-31,EFX,141.78,143.27,141.77,142.47,425417,0.4292507351515862,0.4332340733469375,-0.0169653230930844,0.1035599413556711,-0.2827276190137656,-0.0824069211381105,-0.8023962521951593,-0.7388473977630445,-0.4177582889587717,0.0219280660740719,-0.0012064120448948,-0.1756749701982164,0.240763519254102,0.3413709351146801,-0.7138669684785595
2017-09-01,EFX,142.73,143.37,141.59,141.59,363111,-0.4175476890034738,-0.4084078817393999,-0.1442364895879112,-0.524936963757543,-0.2678155349170853,-0.0285728369243695,-0.9022834844163724,-0.7362486517981897,-0.5552672966181007,-0.2719052653568045,-0.0012732896365267,-0.6264114498514329,0.4289117591479932,-0.6297568583087755,-0.5436035131549282
2017-09-05,EFX,141.42,142.49,140.57,141.1,495148,-0.2484522078536226,-0.2394254226957188,-0.1946306747772498,-0.6606286674561981,-0.2738215550510896,-0.0393484097460426,-1.0413933099042263,-0.7356503039140007,-0.6086690951390619,0.4001851464372858,-0.001284874276468,-0.8270316180348332,-0.4181075718489498,-0.1972723651054098,-0.4572739365484327
2017-09-06,EFX,141.58,142.14,141.02,141.39,452254,0.0949616527285,0.1023460151356355,-0.1317584025283165,-0.609161187294834,-0.2658003946362062,-0.0118631467430604,-1.0500522149926508,-0.9146469779176916,-0.268571411523462,0.2361346993947193,-0.0012036019116743,-0.129684879103099,-0.2489679782543279,-0.1277068544320185,-0.9311515923352782
2017-09-07,EFX,141.45,143.27,141.35,142.72,518521,0.5526407761937254,0.5549233263624451,0.117069458676625,0.4117886539065488,-0.2064172685516762,0.1423298791165181,-1.0569437555775143,-0.8795621595484691,-0.1900811255491296,0.5304614907969671,-0.0011984947580659,0.9057159276412918,0.0945354697304587,0.6520204385677975,-0.4701464206856759
2017-09-08,EFX,121.82,125.5,117.25,123.23,16854687,-8.5350220439436,-9.116123723689922,-3.3461657078685354,-1.8816523439862007,-0.9175165323134388,-1.7175241081022758,0.3388807455473238,2.2971624248039437,-2.114173609084623,25.715046141726347,-0.0026573628454336,-1.1214172503143582,0.5523339893198106,0.8481541196121863,3.988178556873537
2017-09-11,EFX,121.53,122.0,111.17,113.12,9825546,-5.140751939429429,-5.325044719378238,-5.020257703507306,-2.204558189349179,-1.8592174844231295,-3.7989720739655377,1.7793323141961972,2.858216271960228,-3.1006307728663987,9.63120782950687,-0.0029248149721517,-1.680243418065586,-8.537699556643675,-5.2545771712738585,6.387649793022288
2017-09-12,EFX,112.97,116.08,112.18,115.96,6939119,1.5300593538362228,1.5105105975381088,-4.271113307832806,-2.146802399267898,-2.4670102639324543,-4.604656558483525,2.506414593657795,2.9378226554377727,-2.928725143588942,4.8696833360227085,0.0017731936992759,-1.3874184935514218,-5.142543978718242,1.973327935555999,1.2116197939115387
2017-09-13,EFX,116.55,116.75,98.04,98.99,17508859,-9.144059309271736,-9.82162159267207,-7.199110118005226,-2.4282619769577654,-3.577017973586064,-6.541896730852509,4.112661161195266,4.399089287926522,-4.678903729947774,10.240678013897442,-0.0048894992731877,-1.8116979260790036,1.530007549074964,-11.409322534705773,14.160847770425692
2017-09-14,EFX,119.82,120.01,117.73,118.33,973114,12.130560328526297,11.02476098776421,-3.2441534100086766,-1.0670601355943727,-3.655131248384114,-5.435610357095161,4.365461332379424,7.019097978869375,-2.701163499485314,-1.3671802011501852,-0.001888146744308,-0.393377715875944,-9.146895703347866,-0.965827149161224,0.01450014331132
2017-09-15,EFX,94.4,95.69,90.72,92.98,16707681,-13.3706217557954,-14.952428766209204,-7.869352435014899,-1.6089329964278285,-4.66264982988952,-6.942854518199249,5.808440011307925,8.936496934387302,-5.143755727704217,7.030146429848241,0.0131972545020729,-1.7386123716765771,12.133273908212974,-1.162794675090483,2.8634413171802926
2017-09-18,EFX,93.0,95.06,92.08,94.38,10873790,0.904423321306328,0.9005497912443156,-7.261375154340675,-1.546794187543235,-5.346087453154925,-7.314471039501765,6.866492358792968,8.973993730532056,-4.945408671634914,3.140972593376815,-0.0027577527150541,-1.6502200800826656,-13.374560745879569,1.094774454752374,1.040120901127752
2017-09-19,EFX,92.5,95.35,91.88,94.87,7847041,0.2902338613168479,0.2958462563804427,-6.823307035172824,-1.533537301027624,-5.803232522115762,-7.029291117303073,7.708297972870376,8.98273109705782,-4.890404093875991,1.395141053404427,-0.0036504181474468,-1.6192827780247956,0.9042083049988828,1.9094427013650173,1.4569820057714882
2017-09-20,EFX,95.0,97.41,93.1,96.0,8760523,0.7085616925169069,0.7083537849754334,-6.22524286780973,-1.5119043734259334,-6.052972659068967,-6.267290454952582,8.315044496155728,8.969435669749918,-4.940450643551266,1.483700178693341,-0.0215376826855452,-1.547937571238281,0.2898586195648887,0.7689653982029822,2.1503334219805974
2017-09-21,EFX,96.5,98.47,95.25,98.25,5483575,1.4261767108212304,1.4096458448947924,-5.395078488796207,-1.4618537065038804,-6.093794023675167,-5.119936601507284,8.730713369230651,9.031620106950104,-4.618861975380966,0.0552409101044262,0.0007696413017689,-1.4058785311766355,0.708295581199566,1.3437935427290562,1.1400508228566455
2017-09-22,EFX,100.1,105.2,99.8,105.04,12473475,4.269620492473469,4.112856981825701,-3.61897627662506,-1.183645778072919,-5.793829003504274,-3.3248752308413057,8.850736034094142,9.309347509822588,-3.864746218683893,2.2348523034116714,0.0014107588195281,-0.97717591694616,1.4260978058836602,3.7022131064153614,2.6931452482533578
2017-09-25,EFX,106.23,107.17,104.51,105.09,8059352,-0.0033606482028007,0.0046865453971462,-3.268842703163172,-1.172949192918002,-5.492518586769572,-1.885363106713761,8.88203793434566,9.307511085127022,-3.884520505847226,0.5498269054766545,-0.0003662449079463,-0.9740190493892348,4.27028336523406,-0.8370953805913562,0.5181697288553743
2017-09-26,EFX,102.79,106.15,101.74,106.05,7616767,0.5357328179116204,0.5382625587039087,-2.715539436178784,-1.148678725689228,-5.158182330045494,-0.6487454638062027,8.806896999215633,9.319563283501004,-3.778016110920594,0.2754835650445804,-0.0006131862739812,-0.9134071922962664,-0.0038124808340556,2.3698194509270127,1.8743355893666995
2017-09-27,EFX,107.0,108.99,106.0,106.44,7601583,0.1959585502952621,0.2025019300303412,-2.27693028164365,-1.182815304959139,-4.823958293234953,0.3402597983942256,8.624677646921324,9.32212102757807,-3.7514957100124353,0.1504813063027083,-0.0007306030152043,-0.8887836253522481,0.535421620207973,-0.4217277629093955,0.749799446076613
2017-09-28,EFX,106.43,106.52,103.78,106.37,3780250,-0.0739398858260344,-0.0655119828363213,-1.9234176954740017,-0.752599778344651,-4.511528280260576,1.075366565976014,8.312431875737207,9.316946902382607,-3.807439901330982,-0.9798581173430588,-0.0014577058208699,-0.8932032399319433,0.1955587146604717,-0.0689089318527029,0.5554651776201767
2017-09-29,EFX,106.0,107.595,105.72,105.99,3735854,-0.2554088873636363,-0.2463683635701545,-1.6154955550809036,-0.4569149546289223,-4.2317950244984255,1.579291089839273,7.822016236651126,9.305281445941375,-3.928025320801944,-1.0160672919323812,-0.0014730229275285,-0.9171954333645772,-0.0744101306744605,-0.0334440777565321,-0.1169950851865592
2017-10-02,EFX,106.09,108.61,106.0,107.81,3666990,1.036063568679719,1.029391914228442,-0.8064221954049596,-0.4992798482721212,-3.89527103631519,2.1286090765511405,7.170050764255598,9.336330990696633,-3.6713376936180975,-1.0572225544500424,-0.0009961814224182,-0.8002321387245418,-0.2559264725741673,1.198578071409597,0.4262963811464338
2017-10-03,EFX,108.0,112.46,107.08,110.45,6579348,1.491549166077755,1.4731383307334416,0.1870156459117002,0.346464546475063,-3.4861840664504813,2.7548393316249373,6.317455116562268,9.38197739065677,-3.3577160903020644,-0.3422866337880313,-0.0008364728161215,-0.6332323431232443,1.0358828937579954,1.6875896865819937,2.468194634782524
2017-10-04,EFX,110.55,112.09,108.77,111.93,3979342,0.801244749142917,0.799376608753166,0.9108281625370248,-0.6061819141069346,-3.070039992063008,3.273988401240232,5.1633821192523,9.39693964045794,-3.2275642883528723,-1.0375766769768042,-0.0010283804606099,-0.5396112455891834,1.4914873150484405,0.916799356168916,0.8806822866206749
2017-10-05,EFX,111.85,113.635,110.78,112.97,3275656,0.5454758500825887,0.5478636972488274,1.549814628197503,2.6304779304375603,-2.670228368447702,3.647268209801763,3.373573791828052,9.396775270561267,-3.2288898432851028,-1.2296434388702444,-0.0010789294329716,0.2452940867485371,0.8010028163322328,0.7302145119949942,0.5148826415577809
2017-10-06,EFX,113.17,113.43,110.9,111.34,2929581,-0.9312929459700204,-0.9246572080842368,1.3018992119080364,2.177064266094641,-2.391651128233921,3.633836840778729,2.8816922909617118,8.665070555542773,-1.5845269681586074,-1.247443860833728,-0.0013810224153399,0.3100214891130597,0.5451671940729335,-1.2480163550753278,0.3024462975424543
2017-10-09,EFX,111.35,113.5499,110.68,112.25,1709349,0.4758490631428956,0.4792182076938636,1.5395205814324868,2.188380346157355,-2.112408642355582,3.6248040764489264,2.85831479644357,8.36527114640608,-0.2804304334554131,-1.5524653033229132,-0.0011577727044383,0.5621806050247822,-0.9319868510798412,0.5843399973665384,0.5394550024316926
2017-10-10,EFX,112.86,113.66,112.19,113.54,1921478,0.6824860805399887,0.6827211281129771,1.8925950209492768,2.192576011918594,-1.821042492505361,3.648783967344497,2.770697550050755,8.345481162249941,-0.4739744474222861,-1.4709653266797538,-0.0011500674332438,0.7085853227885526,0.4755222433847324,0.4288953391783651,-0.5123115415613256
2017-10-11,EFX,113.56,114.46,109.69,110.5,2555209,-1.6999366278295656,-1.7051753488120849,0.9867281061566564,1.4158778914070214,-1.691966044690223,3.25023698077743,2.699540355500289,7.300825728450937,1.5401923598749547,-1.187315693177709,-0.0013619250888656,0.363569553794862,0.68221316679963,-2.06214309709481,2.006286037816549
2017-10-12,EFX,109.85,110.8499,106.58,108.81,5976152,-0.985177793029956,-0.9790549514398325,0.6898628517044743,0.4497643875483587,-1.6389859750389226,2.7355286240999304,2.392366753742764,5.201350515959736,-1.3490534849499294,-0.1199463097278736,-0.0015340481003997,0.6517403492211057,-1.7008310513194984,-0.7415997239714681,1.6791212291097206
2017-10-13,EFX,109.55,110.35,108.06,109.5,2157916,0.3618026507633785,0.3666144455474156,0.650021436423166,0.531677754247483,-1.553630359106688,2.4070960375524826,1.9887083236646133,0.6638935391161883,2.4419207491791948,-1.258301131670831,-0.0011251710346978,0.7126776704517547,-0.9858857552412662,-0.0607993373267406,0.1516036580828065
2017-10-16,EFX,109.68,110.26,108.63,108.7,3078443,-0.4878492850504425,-0.4787984422889686,0.2733538732528533,0.2479411876361046,-1.5018536288791835,2.057918494558148,1.5701814494454949,0.6958457671018902,2.0608700422625,-0.8383389808856112,-0.0014035731488352,0.5949033024289918,0.3614460793759394,-0.701378088575795,-0.3415943635175486
2017-10-17,EFX,109.0,110.0799,108.48,108.58,1532098,-0.1017261672451656,-0.0931702321084983,0.0747072958561073,0.1692652375827968,-1.4505183399994432,1.7774401977327774,1.07315133795398,0.7072859163528127,1.954928382810032,-1.404951045578781,-0.001327694794919,0.5277950705373688,-0.4884275076839,-0.3174335211976942,-0.3633165251886608
2017-10-18,EFX,108.75,110.75,108.52,110.62,2230839,1.1367073691522094,1.1277159170264115,0.3899992273489457,0.4508777679291657,-1.3160745193291332,1.7669774904200086,0.5343198480742496,0.7274783427126842,2.0691621540177296,-1.0461202473587392,-0.0011150543261845,0.7783885333600309,-0.1022036607840722,1.2728267893760172,0.0887530848906043
2017-10-19,EFX,110.55,111.82,110.01,110.51,2238265,-0.0949051383766299,-0.0863794885277141,0.2132472030236118,0.5010484944320748,-1.201699636513608,1.7069502240106211,0.0059445251751442,0.6877502028070801,1.665165259903965,-1.005484004546938,-0.0013651560280466,0.5472091019270052,1.1365529494802395,-0.053653243811795,-0.2263166132827236
2017-10-20,EFX,110.93,112.95,109.76,109.97,1974001,-0.3372159349097473,-0.3280723132488686,0.0237629876289736,0.1641853505473127,-1.12108176529544,1.5720384441454804,-0.0962412870821553,-0.2161804803185721,0.5218289254339139,-1.0025531060225314,-0.0013556836349547,0.2694844830799314,-0.0953808524932999,-0.6801497227111902,0.8262203464533495
2017-10-23,EFX,109.31,109.94,108.315,109.36,2265550,-0.3783393446260667,-0.3691846536708358,-0.1737439903390545,-0.3898409179111705,-1.0705539166966196,1.38665782001933,-0.2184257405446488,-0.2003042773386555,0.4292645713006777,-0.7508762101165929,-0.0013778715220594,0.1100701168975477,-0.3377548613698622,0.0082419456967088,-0.3529470133671206
2017-10-24,EFX,109.3,110.09,108.67,108.8,1873494,-0.3518009168556903,-0.3426502455239675,-0.3405174050261272,-0.8009527703886864,-1.042231331417633,1.1811973551882218,-0.3022686117837997,-0.2026175215734217,0.2133623824458873,-0.8802792759235244,-0.0013602037305068,-0.3188129614704583,-0.3788889990732784,-0.3719331343883122,-0.5036031260169278
2017-10-25,EFX,109.4,109.7,107.43,107.53,2285666,-0.7597212969413519,-0.7517701363944043,-0.6570687363629484,-1.2366033058202526,-1.0592528613648204,0.9001140113126599,-0.3454467837974501,-0.160983613491931,-0.0170791765543667,-0.4978608241000191,-0.0013923897380466,-0.7141042117094055,-0.3523436481437415,-1.3177410321167486,0.1680339575536524
2017-10-26,EFX,107.3,109.295,107.04,108.95,1340671,0.7891597576363097,0.7875156794833491,-0.3481489497460671,-0.6556524560521905,-1.0069462413818058,0.8536968006751241,-0.4308024188191693,-0.1215448723346706,0.1887447082481919,-1.098583696197268,-0.0011499074582702,-0.65280091271651,-0.760370443641069,1.1354769767761206,0.1336291751785331
2017-10-27,EFX,109.31,110.66,109.07,109.39,1435018,0.2184361414308508,0.2247703307516385,-0.2834204340073046,-0.765374951702422,-0.939047772289194,0.8566961833655149,-0.5615588142877431,-0.1265239040727198,0.3036454992196468,-0.9896963998500052,-0.0011465907927336,-0.5492725947141393,0.7889146721776851,0.0289770436274945,-0.3799520538120767
2017-10-30,EFX,109.0,109.3899,108.11,109.01,1165668,-0.2492685930970386,-0.2402401553531647,-0.388183484676314,-1.1625311759505712,-0.8916110880352177,0.8064274075849335,-0.598694536208834,-0.1898760715183588,-0.0040054774745959,-1.1468207920889495,-0.0013181720963202,-0.8562061943885307,0.2180421695926018,-0.0193851944178534,-0.6128084807447729
2017-10-31,EFX,108.99,110.3157,108.53,108.53,1041041,-0.3071347275698018,-0.2980164810432173,-0.4800045847880236,-0.7095675509560557,-0.8646370190135981,0.7135419676084297,-0.5770646900086508,-0.3588284194959182,-0.4227795760163004,-1.1482560382702127,-0.0013119877401166,-1.0586944098672633,-0.2497845764706082,-0.3451882012245006,-0.2200738090229827
2017-11-01,EFX,109.12,111.29,108.885,109.8,1438877,0.6955371516704493,0.6955518227934043,-0.1517289079720943,0.0828581735487921,-0.7859148270116643,0.772432393354529,-0.6104935325103894,-0.3727579039640674,-0.4469583262344952,-0.7350417562567303,-0.0011445032929961,-0.5229443397464564,-0.3076658066552359,0.4444973596028721,0.2341293459473572
2017-11-02,EFX,110.09,110.343,107.63,108.92,1240870,-0.5319675639874804,-0.5230134543301103,-0.3138317801069061,-0.3454855276510671,-0.7511966894119464,0.7062790554329701,-0.6977861049964521,-0.3938619007533999,-0.6939930650468429,-0.8610069302813418,-0.001324505602256,-0.8941727347907942,0.6952676426021167,-0.8292558608532357,0.4845460136867832
2017-11-03,EFX,110.5,110.5,108.64,108.7,939730,-0.1587467614660127,-0.1499668106954339,-0.3351384257574425,-0.1889912872378273,-0.7256716031231633,0.6296936292762187,-0.7166532800712072,-0.4471980610027826,-0.5157120020608041,-1.1040218793965264,-0.0013065359786452,-0.9869798335518786,-0.5325572958885408,-1.2570243634233385,-0.1652521593947067
2017-11-06,EFX,108.7,110.0,107.91,108.03,1740356,-0.4167392364651991,-0.4075988713710891,-0.445681199696125,-0.3377998126046488,-0.7251481440731263,0.5040715302316786,-0.776074233075024,-0.4706293312334533,-0.7196127088878984,-0.3043257533473569,-0.0013636976555397,-1.2696196343242745,-0.159239130138165,-0.4919991272806789,0.0210281854391893
2017-11-07,EFX,108.14,108.6,106.75,107.42,1866652,-0.3845410108766836,-0.3753870200883132,-0.519738126625999,-1.185662340857474,-0.741884391859287,0.3591476627188863,-0.9821824866752829,-0.5306267116227458,-0.9591070629086051,-0.1755286879403889,-0.0013783928629553,-1.526948408161828,-0.4172989084072394,-0.5293430472069033,-0.1560177222931206
2017-11-08,EFX,107.4,107.98,106.92,107.2,2538979,-0.1605027294200379,-0.1517167072050412,-0.5335969345357771,-1.208073119577513,-0.756778693523009,0.2479497063194155,-0.9654598385537912,-0.7589731316201453,-0.606079786007202,0.4985577584321674,-0.0014367499740814,-1.557756073599002,-0.3850922831711501,-0.1670088882111544,-0.7672445069377065
2017-11-09,EFX,106.34,109.29,106.2238,108.95,2046171,0.983343188501582,0.9778243316546068,-0.1135913763747901,-0.4677795041495462,-0.6934130867678623,0.3604309982557938,-0.9656724353806788,-0.7278971470478148,-0.1485805529426497,0.2260760205872578,-0.0010745749185787,-0.533976849747283,-0.1609955561768112,1.8280200982786243,0.7541533136349686
2017-11-10,EFX,110.18,110.18,105.3103,108.74,2160804,-0.1529977674638359,-0.1442380404368182,-0.1550473199989286,-0.3649810230184747,-0.6457128333991494,0.4100936818612467,-0.9707530873685942,-0.7433851870435438,-0.2694109920319477,0.3530756090003639,-0.0014101198937933,-0.3889738431489358,0.983148760256333,-1.013742314433085,2.1409271738805096
2017-11-13,EFX,106.77,109.36,106.45,108.79,1657649,-0.0043690256254619,0.0036841674503398,-0.1440791911805531,-0.1919765038561256,-0.6007137430206169,0.4428710817083669,-0.9711896097580784,-0.7644922557157419,-0.1553169731107502,-0.1305202588735234,-0.0011060359026305,-0.3672178740831136,-0.1534886363786991,1.4030606714377156,0.6379425788761232
2017-11-14,EFX,108.45,111.116,108.45,109.31,1126842,0.2645881053007266,0.2704676871591093,-0.0275741309332657,0.386075343028431,-0.5400574059267089,0.5093944850979611,-0.9704969103811022,-0.756623296733873,-0.0687370238665949,-0.7280876512473584,-0.0011541614959656,-0.1409557957986151,-0.0048211213151561,0.5728031839356672,0.4413055998004858
2017-11-15,EFX,109.47,110.85,108.42,110.21,867677,0.4796032959723636,0.4829214713760804,0.1942750289835658,0.2426918628611777,-0.4530405248491793,0.6304647942368561,-0.9906201325180878,-0.880085220765334,-0.2219109155646134,-0.9892339752068124,-0.0011766348300708,0.2506516473860928,0.2642061732635619,0.4844016460828965,0.2462433614389618
2017-11-16,EFX,110.49,110.49,109.14,109.58,1127932,-0.3888853781764985,-0.3797322479599246,0.0537312338001297,-0.125303269896533,-0.4058903552425164,0.6247048125120608,-1.0281417552299876,-0.8667073749629374,-0.29107201850354,-0.6254063498157272,-0.0013266039343085,-0.0234735628432034,0.4792774555921661,-0.6485640347538415,-0.5645839832623911
2017-11-17,EFX,109.11,111.61,109.02,111.37,902625,0.9839950787082552,0.978462229776798,0.4680338637684659,0.4927268277955899,-0.2963568499181319,0.7806704593645172,-0.945614952305835,-0.7635333695511023,0.0194937634423231,-0.8696575462857113,-0.0011734791505831,1.3162372345037612,-0.389437783799078,1.538590739610646,0.3468356163796383
2017-11-20,EFX,111.27,112.185,110.68,110.91,580193,-0.2901451608513438,-0.2810476908163296,0.3382034272077098,0.4998547785171922,-0.2267368067720835,0.8027064122943401,-0.8929677392408564,-0.770064784742017,0.0406809851209603,-1.2459185658351826,-0.0012861254939653,0.8263672738390385,0.9838008205235574,-0.2707547880952658,-0.460425033917412
2017-11-21,EFX,110.87,111.43,110.658,110.71,716927,-0.1452637150354351,-0.1365320308471958,0.266717933278322,0.1053261672143555,-0.1790655308238628,0.7638394257105725,-0.8571546646308785,-0.7819850946121886,0.0903475868682898,-1.0173531592678164,-0.001297210119802,0.7296595909600027,-0.290671807817608,-0.1353477191208193,-1.0101736558325154
2017-11-22,EFX,110.52,110.7106,109.5601,109.81,523055,-0.5391132298344692,-0.5301777597174043,0.0226446451272269,0.0982270954581347,-0.1763688381680292,0.6169820332691016,-0.8879503673776892,-0.8150471716855889,0.1439276155416278,-1.2451307679417614,-0.0012832683404462,0.2944750180043515,-0.1457525663448703,-0.5116745626527631,-0.7181460592702718
2017-11-24,EFX,109.69,111.0099,109.67,109.9,343978,0.0180304880007708,0.0259465896589256,0.0327911827016662,0.2038632197305828,-0.1704213119644324,0.5078637089060185,-0.8833750454908006,-0.8845697932083889,-0.0394161691490955,-1.4981439796996456,-0.0012156399340245,0.3379934752999186,-0.5397048258467873,0.1183263052279927,-0.5752327498603853
2017-11-27,EFX,110.09,110.72,109.42,110.5,657050,0.3069022508440829,0.3123354127515381,0.1634366225773101,0.625972849558341,-0.1421519764921483,0.4780250022117948,-0.8641074185451677,-0.8789621304511612,-0.0184498908833808,-0.9682483004765524,-0.0011915026099725,0.6281165239370197,0.0175842357393043,0.2550553441021876,-0.6108432020376124
2017-11-28,EFX,110.72,112.55,110.12,112.09,1421834,0.8628435915432335,0.8597980944044253,0.5073063575420876,1.1994778456146995,-0.0581981397141912,0.5974849846299524,-0.7769261478272189,-0.8074714602273168,0.2474810588779802,0.2602392766462813,-0.0011339077934488,1.2316650959331616,0.3065313574248375,0.908527611625933,0.2154232486187023
2017-11-29,EFX,112.26,114.49,112.0201,112.65,1728235,0.2780442013876318,0.2837848898544993,0.5908371943353062,1.377635832014245,0.0283520691694313,0.699735987668915,-0.6871860020698879,-0.8185997133390038,0.3900516968877269,0.6817320067923375,-0.0011154504757364,0.7765722248669219,0.8626177282071139,0.2361562463357051,0.2359605045055739
2017-11-30,EFX,112.65,114.97,112.255,114.12,1852639,0.7794257512040449,0.7779604943938898,0.8889211593046222,1.3388856944773255,0.1513556368612573,0.8753671081418537,-0.5149446166159322,-0.806384168792606,0.4103545067464283,0.8315238848923207,-0.0011122711136602,1.1503692222047808,0.2776657796825671,0.9595789146215756,0.3914173612345419
2017-12-01,EFX,114.12,114.44,111.29,112.93,1358450,-0.6821992030877007,-0.6738117464234658,0.5556084927362539,0.9384473320756258,0.1980248037617985,0.819388570950778,-0.4558827256455349,-0.7834687997296914,0.3732232299469278,0.054942485858943,-0.0013340589800807,0.7408558802214316,0.7791781264059996,-0.8141418605370297,0.733334795014159
2017-12-04,EFX,113.64,114.62,112.91,113.4,1307454,0.2261138269946219,0.232374728382165,0.6100708468597841,1.0056388427914416,0.248941815120559,0.7855396197083658,-0.3976885509992446,-0.7883114454698261,0.4675440506201561,-0.051868470431904,-0.0011517954327836,0.9025964438619138,-0.6828281263665411,-0.1858768151850481,-0.3345966570047387
2017-12-05,EFX,113.5,114.46,112.36,114.39,1290388,0.5105265065390613,0.513416431511315,0.7673672983458716,1.0751773542736949,0.3228383682199446,0.8176094035708353,-0.3346378024400209,-0.8040965234463289,0.6971574568098098,-0.0439423953289515,-0.0011558281651363,1.2432840140833543,0.225721858057208,0.5661159495226571,-0.0613317293615617
2017-12-06,EFX,113.97,115.8,113.505,115.69,1422172,0.6745435036582574,0.6749113655603792,0.9735534820288668,1.1301525229257072,0.4259579211510125,0.9184847291648623,-0.2607113603869425,-0.8108807920887189,0.963204157312596,0.1985720599046941,-0.0011498618541045,1.4080197982553406,0.510208733189449,1.1138876298596994,0.0619501247516106
2017-12-07,EFX,115.45,116.83,114.8999,116.83,1094545,0.5804896752331867,0.5823553111640422,1.123772262891479,1.4864176395392152,0.5445726938419572,1.0390694185577607,-0.1796844899120127,-0.8123321105430935,1.1518464818320802,-0.215018919637267,-0.0011735643102575,1.442878752192886,0.6742685179140719,0.8767710500241236,-0.214484111855376
2017-12-08,EFX,117.0,117.49,116.11,117.4,1143766,0.2707536905286309,0.2765699869521461,1.1536535196260953,1.3519319632085165,0.6517987946906503,1.106222924801728,-0.046383377865608,-0.8794573815084601,0.9715899931965104,-0.0586795593606811,-0.001172211326222,1.4183152294156594,0.5801901533849985,0.2319801505487227,-0.6116783644695098
2017-12-11,EFX,117.42,118.525,116.84,118.52,1291329,0.560947755912583,0.5631072177878211,1.2953805778734049,1.6503992775876053,0.7702791203941397,1.1889139108359963,0.0916813745111039,-0.8821072084787889,1.153421103343685,0.2844428035495152,-0.001165087811623,1.441502279506572,0.2703733669261564,0.6814586465267399,-0.4064660878702355
2017-12-12,EFX,118.48,118.52,117.73,118.22,990698,-0.1905847306113784,-0.1817023800604316,1.1101671242901687,1.6114586806218754,0.8409785263016575,1.1320794346387306,0.1591859119547057,-0.8674897690802829,1.105564340460402,-0.2029003116212703,-0.0013006388283567,1.3425447226114924,0.5606431361053548,-0.1921121631243695,-1.034402236854152
2017-12-13,EFX,118.5,118.55,116.9,117.4,1317109,-0.4648315256166992,-0.4557427421934092,0.8222067729103197,1.642560130385169,0.8532053380841078,0.9361044029862052,0.1703934318996597,-0.815466564235966,0.9194701329270932,0.3825412020070222,-0.0013213672482065,1.0655037504101774,-0.1910854049499269,-0.7276411388420794,-0.4200085863493174
2017-12-14,EFX,117.14,120.045,116.221,118.19,1303668,0.3859464580034686,0.3904699351066849,0.9091314422680996,1.703009407631338,0.8821214361032146,0.8222823131376971,0.2133759799794148,-0.820600198624555,0.8959353101216,0.310969645136105,-0.0011625820754413,0.8835720173216084,-0.465403743538293,0.6509019434128889,1.1051431908070646
2017-12-15,EFX,119.07,120.105,117.93,119.51,2501057,0.6623302070381839,0.6629003751538164,1.0938694016206612,1.7587081484474512,0.9444044382000084,0.8171104779564413,0.2556929091873154,-0.8388846246271588,1.163399457634463,2.2128987023550946,-0.0010933011491602,1.264449522172293,0.3855961850833581,0.2528703599592745,-0.0745774449319586
2017-12-18,EFX,119.82,120.01,117.73,118.33,973114,-0.6477101611030988,-0.6391601229195477,0.7401687143393415,1.201749327446106,0.9348519905532588,0.6280697987911843,0.277339798294889,-0.8275211932173178,0.7503499753805067,-0.3927624285422166,-0.0012978708473821,0.8906632885559705,0.6620520351747186,-0.965827149161224,0.01450014331132
2017-12-19,EFX,118.65,119.75,118.0,119.44,987493,0.5510183372696245,0.5533248015788008,0.8929651497634488,1.263885674807654,0.9582244027023754,0.5615852777847449,0.2986921198829577,-0.8368157905401528,0.9620539076619752,-0.3965366853037307,-0.0011855964986722,1.2359923953937022,-0.6483300871222288,0.4767252551021724,-0.3702379678463431
2017-12-20,EFX,119.72,120.77,118.83,118.89,818157,-0.3196832552437427,-0.3105526497363002,0.6712907954000227,0.90473400356333,0.9425404516184854,0.4078672543581009,0.2643661703450675,-0.8198498357384294,0.91766418532484,-0.684764782824534,-0.0012890733214999,0.8922654226429411,0.5507111271452068,-0.5501052384856533,-0.2314007192461496
2017-12-21,EFX,118.88,119.7,118.15,119.57,739010,0.3230933294693905,0.3283481873370979,0.7114376614416837,1.3964345188421416,0.9442912941982972,0.329769694373889,0.1754428148507985,-0.8841447986086524,1.137875234050018,-0.8270819058892359,-0.0012001179741971,1.091423435458877,-0.320217607901186,0.4121990258675103,-0.510966520046619
2017-12-22,EFX,119.055,120.0,118.795,119.73,770390,0.0503131983949304,0.0580176457664268,0.6331752568034711,1.361363469065188,0.9394502134642092,0.2503241492539651,0.0486174364743598,-0.8857027222123457,1.146160736959437,-0.7970681995691309,-0.0011989805475851,1.1382841443567482,0.3227266598653339,0.402035513177296,-0.7525555416999766
2017-12-26,EFX,119.75,119.965,118.27,118.98,617222,-0.4229862553955882,-0.4138504754831404,0.3666718109767416,0.9580838953226076,0.8940941981530691,0.0824829690057052,-0.1149710142570977,-0.8384554261884702,0.9595994296131664,-1.0434305561246,-0.0012771996151863,0.8841665501250886,0.0498753678208421,-0.5121192612809994,-0.4040423696104318
2017-12-27,EFX,119.02,119.85,118.7525,119.78,627759,0.3856157404317598,0.3901432289385406,0.4581218817695019,0.8783968439628805,0.8778186470179795,0.0230626389872481,-0.2093166052778053,-0.8874319196059864,0.8401023686566352,-0.9928550654273148,-0.0012071877287125,1.095733211890349,-0.4235475570161727,0.4561179704187821,-0.8277023171946689
2017-12-28,EFX,119.82,119.82,118.46,119.73,548868,-0.0589845375827436,-0.0506306579214167,0.3661820829452943,0.6487131761506956,0.8514413483961261,-0.0504753491607508,-0.3114143746519708,-0.8827684675714612,0.7555658429178479,-1.0777541403652933,-0.0012733734384446,1.0782006088447669,0.3852653812363655,-0.0830655131684138,-0.6446641764846243
2017-12-29,EFX,120.05,120.05,117.82,117.92,803766,-0.9741724221749496,-0.9679409429421916,-0.0804110808718921,-0.0550636144076879,0.7489736166308545,-0.3051612047227771,-0.3911819083185431,-0.7972388758181254,0.3215599252406299,-0.561152573756723,-0.0012881160136186,0.4435203785946689,-0.0594508809846679,-1.3668022017650587,-0.0152543944887498
2018-01-02,EFX,118.17,119.59,117.37,119.54,1674489,0.8223128167489903,0.8200486314155857,0.2061087361014729,0.0627119772771113,0.7215100638101143,-0.3158504237372577,-0.5489325649784893,-0.8101288629378878,0.6921537269561315,1.0015284641200348,-0.0011465383084329,0.95670237989155,-0.974877513382193,0.8495905801418003,-0.0435850050374679
2018-01-03,EFX,119.69,120.35,119.165,120.16,1493721,0.2899082839444294,0.295524136173527,0.2676820810100893,0.2772430583078793,0.7142163105102829,-0.2724850821973612,-0.7150784956472054,-0.8085600529784369,0.7080175365656255,0.6501424832556398,-0.0011597935295448,1.2017668927588887,0.8220763800282215,0.2703610247609164,-0.7694287738437391
2018-01-04,EFX,120.44,121.9,120.42,121.64,1237327,0.7338306505060205,0.7331833705976667,0.5134322752351793,0.7779416323903011,0.7562683610285611,-0.1107775594066567,-0.7979377484416027,-0.785537676198311,0.7633516542557298,0.1929569790912912,-0.0011760182263901,1.3399261375728664,0.2895329572581256,0.7264411890371685,-0.5773114715920937
2018-01-05,EFX,121.93,122.92,121.48,122.83,848161,0.576072229089926,0.5780048077011414,0.6950500685642251,0.8373853525895495,0.8252193595497993,0.0878258879304851,-0.7567380204963402,-0.7956299166792062,0.7389277832886914,-0.4702724653600086,-0.0011980666095999,1.4055754344824043,0.7335711311774551,0.5313526580720195,-0.6142756428002096
2018-01-08,EFX,122.94,122.94,121.89,121.99,2727365,-0.4587613406077193,-0.4496639818664087,0.4519141698183373,0.380097017249119,0.8354777854632879,0.0956349742779064,-0.7436704965483729,-0.7799748175077108,0.4811800349198148,2.6640688038844718,-0.0013839886461552,0.980510895594002,0.5757715548493277,-0.6101313865667071,-0.8739872134796444
2018-01-09,EFX,122.0,122.91,121.65,122.25,720117,0.0996958968583774,0.1070444590177724,0.4545941562866715,0.7799619430366072,0.8424329435628788,0.0933796888673556,-0.7172059313885925,-0.7831675513623936,0.4392501811555366,-0.7781702099565023,-0.001203405328569,1.1015057412038527,-0.4593319749819637,0.1285026810316117,-0.7323506255954926
2018-01-10,EFX,122.05,122.12,120.85,121.18,1026797,-0.5779130174768792,-0.5690932345853558,0.1903283576049368,0.2425534363259585,0.7949743229706173,-0.0484846691016484,-0.7108174389201016,-0.764666691319117,0.1621401758253132,-0.2179747838456293,-0.0012979680786308,0.5721302024237592,0.0992709488967859,-0.5648667605195562,-0.7178885857268391
2018-01-11,EFX,121.31,122.0995,120.9,121.49,1078882,0.1262710936421326,0.1334120788850017,0.2219658340234095,0.4691412630958483,0.7591165074244745,-0.1321158829915378,-0.7113412811347852,-0.7699962176697156,0.2387573331916571,-0.1327538380179109,-0.0011834668873606,0.7255006856217252,-0.578514735306042,0.0857873262279518,-0.7684795439257526
2018-01-12,EFX,122.08,122.95,121.3326,122.85,1118461,0.6639414085744924,0.6644850214848844,0.4586430242952399,0.5954422250529917,0.7736087677430551,-0.0694206255848352,-0.7072172878564345,-0.7658073280028446,0.5143092076547229,-0.0452255134168617,-0.0011825771703285,1.393477926848217,0.1258530784317443,0.4502142041713007,-0.4940873852868445
2018-01-16,EFX,122.82,122.9,121.81,122.16,1014355,-0.3826748861450576,-0.373520619320789,0.2640075732933025,0.3681895212835155,0.7476243159638808,-0.1234507798080689,-0.7172059045079733,-0.7511217988872049,0.3258439876575641,-0.2077995078449826,-0.0012960868719284,0.9722509001176904,0.6636636570299989,-0.432310511169774,-0.847696388930324
2018-01-17,EFX,122.62,125.75,121.63,123.22,978983,0.5072259588187376,0.5101623084194514,0.4537532850810818,0.7603075973818869,0.7583109428493998,-0.0722841779822452,-0.6629785964822406,-0.7682151391702606,0.2884438829625779,-0.1421685379838592,-0.0011901818363714,0.4392774049697932,-0.3832256716179745,0.3433708663390219,1.1952719429193222
2018-01-18,EFX,122.9,123.61,122.46,122.84,929313,-0.2249945355809965,-0.2160198135920998,0.3211402625856533,0.5187018787688472,0.7415804149452414,-0.1019221809744447,-0.6728733984492664,-0.8156862272252753,0.3922825223374585,-0.2348626567124591,-0.001291644555871,0.2885388626991328,0.5069073244453531,-0.0632010676131683,-0.8111058252768597
2018-01-19,EFX,123.44,125.27,123.16,124.53,1178000,0.823533453631765,0.821246110843527,0.631413194003456,0.7945109555203623,0.7840976374344426,0.026870106217075,-0.5902564992026629,-0.7798766102201229,0.4583982767468825,0.2284738716872157,-0.0011795642891722,0.958928695429182,-0.2255041865084578,0.6408208910192897,-0.17922068776447
2018-01-22,EFX,124.1,125.7,124.0,125.0,1326641,0.2019776791383849,0.208465826339614,0.6650938498585311,1.4107460072424334,0.8250828082011807,0.1259604612103526,-0.5279820047069603,-0.7994273913024963,0.5872948356102028,0.454598731616984,-0.0011731786435283,1.1453684713955268,0.823297335342197,0.5216013109054629,-0.4578882136103968
2018-01-23,EFX,124.99,125.71,124.4,124.99,923231,-0.0379766860515916,-0.0297328262637202,0.602715883917045,1.2159017987056329,0.845725162085979,0.1528706847446267,-0.4730739433065344,-0.801539390498273,0.4982510622416771,-0.3200551007197181,-0.0012899133410266,1.14140166765156,0.2015794137317688,-0.0263165508545973,-0.7178418153701291
2018-01-24,EFX,125.55,126.345,125.1,125.73,1500518,0.3356010267054657,0.3407153091333431,0.6956393166749364,1.2319175464076575,0.8793745210528834,0.2078786707427993,-0.4038836089204387,-0.7965742700677765,0.5685064889411251,0.6666060769102194,-0.0011646602296418,1.215093610629976,-0.0384375490723483,0.0820014207016361,-0.7660684325704569
2018-01-25,EFX,126.21,127.44,125.74,126.75,1045653,0.4720798994325842,0.4754999930085021,0.8285354263451777,1.1686416234532748,0.9337250823636172,0.305169598011121,-0.3398779443049248,-0.8203727674006295,0.791629536734476,-0.1906460030768897,-0.0011898074978725,1.21510464486068,0.3352376200218596,0.296938056440025,-0.473537226991687
2018-01-26,EFX,127.57,127.73,126.58,127.49,1087897,0.3304828346520288,0.33565493961374,0.901373697076952,1.1014471543548356,0.9927811574587952,0.3951142513033277,-0.2486832273506885,-0.8227792049200622,0.7778669873918617,-0.1539074307277856,-0.0011886998009215,1.365870685688424,0.4717520964013916,-0.0736955805076308,-0.8395630692481707
2018-01-29,EFX,127.23,127.38,124.16,124.77,1005724,-1.3612716881700089,-1.360065376596743,0.2649528045558031,0.4652432551177126,0.9202322037213596,0.1283208952518828,-0.2831884747818233,-0.5988952268020149,0.4507491387564844,-0.3303495893711561,-0.0012916851881045,0.4931125986378853,0.3301180927703278,-1.4871150378054496,0.5594941379738879
2018-01-30,EFX,123.82,125.135,122.96,123.08,1576127,-0.8762763457895172,-0.8691662034402639,-0.1507533331507093,-0.0136852438056867,0.7854750129151182,-0.2452367209135127,-0.4412016919021714,-0.6177732504725215,0.4751841384370345,0.556985949048417,-0.0013208412969811,-0.0491525363310152,-1.362077763122506,-0.4778455527827791,-0.1185714718590061
2018-01-31,EFX,123.82,125.69,122.91,124.93,887716,0.9027966882805304,0.8989560555583271,0.1852063983729267,0.5611127866580677,0.7412461212057965,-0.3110645303801967,-0.5218324130422333,-0.6062820876350662,0.4947323685392207,-0.5305301052883055,-0.0011974277432479,0.3561644142081836,-0.8769558985540215,0.6509769520376882,0.2632153508103727
2018-02-01,EFX,124.85,125.05,123.49,124.15,676464,-0.4217038734278434,-0.4125671007848395,-0.0231163333614294,0.3266302531582127,0.6661222319264778,-0.4432499698532193,-0.6038453575263136,-0.585711093275074,0.3202005850589197,-0.8495610178368809,-0.0012766602724611,-0.1851061868008373,0.9025812476284544,-0.4499148657310746,-0.5441089138931011
2018-02-02,EFX,123.42,123.42,121.07,121.49,1661142,-1.3669177486193145,-1.3658031467330471,-0.5859525924318958,-0.4318468006364805,0.4945035623101086,-0.797374224898688,-0.5991339528440378,-0.4614617685736957,-0.1855876240613686,0.836090785577135,-0.0013271134468175,-1.5720765957200735,-0.422264840509602,-1.207769681301103,0.0207513258603115
2018-02-05,EFX,120.9,123.24,118.11,118.4,1452143,-1.6164789294670947,-1.6199506170020297,-1.1965563953193257,-0.7751551547779926,0.232509270062484,-1.3132989258063428,-0.4231141438445523,-0.3099554245670071,-0.6971636253315969,0.4101095489488252,-0.0013188083666394,-1.7810935705034183,-1.3677252964765163,-1.588594986761753,2.019644068075852
2018-02-06,EFX,116.15,119.479,116.0,118.41,1462466,-0.0277377628575711,-0.0195500811914433,-1.157884724111961,-0.982953547119362,0.023305669244693,-1.5901563555635163,-0.2905920323617432,-0.3172541686762618,-0.5984782389632926,0.5655909976169813,-0.0011639074990553,-1.1983294258944166,-1.6173515810972197,1.4437397079715897,0.8573109203774847
2018-02-07,EFX,118.23,120.65,117.38,117.6,1126318,-0.4588807687830471,-0.4497835730021613,-1.283017648423057,-1.033585495326369,-0.1740574659339449,-1.781165144643136,-0.1336513569871302,-0.3134896230977772,-0.7261064405945332,-0.0696862822552076,-0.0013017220024725,-1.427876488582262,-0.0281959548197588,-0.4289015517096838,0.7260622354680318
